n;x;y;a;b
10001;73;137;105;32
10003;7;1429;718;711
10015;5;2003;1004;999
10019;43;233;138;95
10021;11;911;461;450
10027;37;271;154;117
10029;3;3343;1673;1670
10031;7;1433;720;713
10033;79;127;103;24
10041;3;3347;1675;1672
10049;13;773;393;380
10055;5;2011;1008;1003
10057;89;113;101;12
10063;29;347;188;159
10073;7;1439;723;716
10077;3;3359;1681;1678
10081;17;593;305;288
10083;3;3361;1682;1679
10085;5;2017;1011;1006
10097;23;439;231;208
10109;11;919;465;454
10113;3;3371;1687;1684
10117;67;151;109;42
10119;3;3373;1688;1685
10121;29;349;189;160
10123;53;191;122;69
10129;7;1447;727;720
10135;5;2027;1016;1011
10145;5;2029;1017;1012
10147;73;139;106;33
10157;7;1451;729;722
10167;3;3389;1696;1693
10171;7;1453;730;723
10173;3;3391;1697;1694
10183;17;599;308;291
10187;61;167;114;53
10189;23;443;233;210
10195;5;2039;1022;1017
10201;101;101;101;0
10207;59;173;116;57
10213;7;1459;733;726
10217;17;601;309;292
10219;11;929;470;459
10221;3;3407;1705;1702
10229;53;193;123;70
10231;13;787;400;387
10237;29;353;191;162
10239;3;3413;1708;1705
10249;37;277;157;120
10261;31;331;181;150
10265;5;2053;1029;1024
10277;43;239;141;98
10279;19;541;280;261
10291;41;251;146;105
10297;7;1471;739;732
10299;3;3433;1718;1715
10307;11;937;474;463
10315;5;2063;1034;1029
10319;17;607;312;295
10327;23;449;236;213
10345;5;2069;1037;1032
10347;3;3449;1726;1723
10349;79;131;105;26
10351;11;941;476;465
10361;13;797;405;392
10363;43;241;142;99
10367;7;1481;744;737
10371;3;3457;1730;1727
10379;97;107;102;5
10381;7;1483;745;738
10383;3;3461;1732;1729
10389;3;3463;1733;1730
10393;19;547;283;264
10397;37;281;159;122
10401;3;3467;1735;1732
10403;101;103;102;1
10405;5;2081;1043;1038
10407;3;3469;1736;1733
10409;7;1487;747;740
10411;29;359;194;165
10415;5;2083;1044;1039
10417;11;947;479;468
10421;17;613;315;298
10423;7;1489;748;741
10435;5;2087;1046;1041
10441;53;197;125;72
10445;5;2089;1047;1042
10447;31;337;184;153
10451;7;1493;750;743
10471;37;283;160;123
10473;3;3491;1747;1744
10481;47;223;135;88
10483;11;953;482;471
10489;17;617;317;300
10493;7;1499;753;746
10495;5;2099;1052;1047
10497;3;3499;1751;1748
10511;23;457;240;217
10517;13;809;411;398
10519;67;157;112;45
10523;17;619;318;301
10533;3;3511;1757;1754
10537;41;257;149;108
10541;83;127;105;22
10543;13;811;412;399
10547;53;199;126;73
10551;3;3517;1760;1757
10553;61;173;117;56
10555;5;2111;1058;1053
10561;59;179;119;60
10565;5;2113;1059;1054
10573;97;109;103;6
10577;7;1511;759;752
10579;71;149;110;39
10581;3;3527;1765;1762
10583;19;557;288;269
10587;3;3529;1766;1763
10599;3;3533;1768;1765
10603;23;461;242;219
10609;103;103;103;0
10617;3;3539;1771;1768
10623;3;3541;1772;1769
10637;11;967;489;478
10641;3;3547;1775;1772
10643;29;367;198;169
10645;5;2129;1067;1062
10649;23;463;243;220
10655;5;2131;1068;1063
10661;7;1523;765;758
10669;47;227;137;90
10671;3;3557;1780;1777
10673;13;821;417;404
10677;3;3559;1781;1778
10679;59;181;120;61
10681;11;971;491;480
10685;5;2137;1071;1066
10697;19;563;291;272
10699;13;823;418;405
10705;5;2141;1073;1068
10713;3;3571;1787;1784
10715;5;2143;1074;1069
10717;7;1531;769;762
10721;71;151;111;40
10727;17;631;324;307
10741;23;467;245;222
10743;3;3581;1792;1789
10747;11;977;494;483
10749;3;3583;1793;1790
10751;13;827;420;407
10757;31;347;189;158
10763;47;229;138;91
10765;5;2153;1079;1074
10777;13;829;421;408
10779;3;3593;1798;1795
10783;41;263;152;111
10793;43;251;147;104
10801;7;1543;775;768
10805;5;2161;1083;1078
10807;101;107;104;3
10811;19;569;294;275
10813;11;983;497;486
10817;29;373;201;172
10819;31;349;190;159
10821;3;3607;1805;1802
10823;79;137;108;29
10839;3;3613;1808;1805
10841;37;293;165;128
10843;7;1549;778;771
10849;19;571;295;276
10851;3;3617;1810;1807
10869;3;3623;1813;1810
10871;7;1553;780;773
10873;83;131;107;24
10877;73;149;111;38
10893;3;3631;1817;1814
10895;5;2179;1092;1087
10897;17;641;329;312
10901;11;991;501;490
10907;13;839;426;413
10911;3;3637;1820;1817
10913;7;1559;783;776
10919;61;179;120;59
10921;67;163;115;48
10929;3;3643;1823;1820
10931;17;643;330;313
10943;31;353;192;161
10951;47;233;140;93
10961;97;113;105;8
10963;19;577;298;279
10967;11;997;504;493
10969;7;1567;787;780
10977;3;3659;1831;1828
10981;79;139;109;30
10991;29;379;204;175
10997;7;1571;789;782
10999;17;647;332;315
11009;101;109;105;4
11013;3;3671;1837;1834
11015;5;2203;1104;1099
11017;23;479;251;228
11019;3;3673;1838;1835
11021;103;107;105;2
11023;73;151;112;39
11029;41;269;155;114
11031;3;3677;1840;1837
11035;5;2207;1106;1101
11041;61;181;121;60
11051;43;257;150;107
11053;7;1579;793;786
11065;5;2213;1109;1104
11073;3;3691;1847;1844
11081;7;1583;795;788
11089;13;853;433;420
11091;3;3697;1850;1847
11099;11;1009;510;499
11101;17;653;335;318
11103;3;3701;1852;1849
11105;5;2221;1113;1108
11107;29;383;206;177
11111;41;271;156;115
11127;3;3709;1856;1853
11129;31;359;195;164
11141;13;857;435;422
11143;11;1013;512;501
11147;71;157;114;43
11153;19;587;303;284
11157;3;3719;1861;1858
11167;13;859;436;423
11179;7;1597;802;795
11181;3;3727;1865;1862
11183;53;211;132;79
11185;5;2237;1121;1116
11189;67;167;117;50
11195;5;2239;1122;1117
11199;3;3733;1868;1865
11201;23;487;255;232
11203;17;659;338;321
11207;7;1601;804;797
11209;11;1019;515;504
11215;5;2243;1124;1119
11217;3;3739;1871;1868
11219;13;863;438;425
11227;103;109;106;3
11231;11;1021;516;505
11233;47;239;143;96
11237;17;661;339;322
11249;7;1607;807;800
11255;5;2251;1128;1123
11263;7;1609;808;801
11267;19;593;306;287
11269;59;191;125;66
11281;29;389;209;180
11283;3;3761;1882;1879
11291;7;1613;810;803
11293;23;491;257;234
11301;3;3767;1885;1882
11303;89;127;108;19
11307;3;3769;1886;1883
11309;43;263;153;110
11327;47;241;144;97
11333;7;1619;813;806
11335;5;2267;1136;1131
11337;3;3779;1891;1888
11341;11;1031;521;510
11345;5;2269;1137;1132
11347;7;1621;814;807
11357;41;277;159;118
11359;37;307;172;135
11363;11;1033;522;511
11365;5;2273;1139;1134
11371;83;137;110;27
11377;31;367;199;168
11379;3;3793;1898;1895
11381;19;599;309;290
11387;59;193;126;67
11389;7;1627;817;810
11391;3;3797;1900;1897
11401;13;877;445;432
11405;5;2281;1143;1138
11409;3;3803;1903;1900
11413;101;113;107;6
11419;19;601;310;291
11429;11;1039;525;514
11435;5;2287;1146;1141
11441;17;673;345;328
11449;107;107;107;0
11453;13;881;447;434
11459;7;1637;822;815
11461;73;157;115;42
11463;3;3821;1912;1909
11465;5;2293;1149;1144
11469;3;3823;1913;1910
11477;23;499;261;238
11479;13;883;448;435
11485;5;2297;1151;1146
11499;3;3833;1918;1915
11507;37;311;174;137
11509;17;677;347;330
11513;29;397;213;184
11521;41;281;161;120
11531;13;887;450;437
11533;19;607;313;294
11537;83;139;111;28
11539;11;1049;530;519
11541;3;3847;1925;1922
11545;5;2309;1157;1152
11553;3;3851;1927;1924
11555;5;2311;1158;1153
11559;3;3853;1928;1925
11561;11;1051;531;520
11563;31;373;202;171
11567;43;269;156;113
11569;23;503;263;240
11573;71;163;117;46
11581;37;313;175;138
11589;3;3863;1933;1930
11591;67;173;120;53
11599;7;1657;832;825
11603;41;283;162;121
11611;17;683;350;333
11623;59;197;128;69
11629;29;401;215;186
11631;3;3877;1940;1937
11639;103;113;108;5
11641;7;1663;835;828
11643;3;3881;1942;1939
11647;19;613;316;297
11651;61;191;126;65
11653;43;271;157;114
11659;89;131;110;21
11663;107;109;108;1
11665;5;2333;1169;1164
11667;3;3889;1946;1943
11669;7;1667;837;830
11671;11;1061;536;525
11683;7;1669;838;831
11693;11;1063;537;526
11695;5;2339;1172;1167
11705;5;2341;1173;1168
11707;23;509;266;243
11721;3;3907;1955;1952
11723;19;617;318;299
11729;37;317;177;140
11733;3;3911;1957;1954
11735;5;2347;1176;1171
11741;59;199;129;70
11747;17;691;354;337
11749;31;379;205;174
11751;3;3917;1960;1957
11755;5;2351;1178;1173
11757;3;3919;1961;1958
11759;11;1069;540;529
11761;19;619;319;300
11769;3;3923;1963;1960
11771;79;149;114;35
11773;61;193;127;66
11785;5;2357;1181;1176
11787;3;3929;1966;1963
11791;13;907;460;447
11793;3;3931;1967;1964
11797;47;251;149;102
11819;53;223;138;85
11829;3;3943;1973;1970
11841;3;3947;1975;1972
11843;13;911;462;449
11851;7;1693;850;843
11855;5;2371;1188;1183
11857;71;167;119;48
11861;29;409;219;190
11873;31;383;207;176
11879;7;1697;852;845
11881;109;109;109;0
11885;5;2377;1191;1186
11893;7;1699;853;846
11899;73;163;118;45
11901;3;3967;1985;1982
11905;5;2381;1193;1188
11911;43;277;160;117
11915;5;2383;1194;1189
11917;17;701;359;342
11929;79;151;115;36
11945;5;2389;1197;1192
11947;13;919;466;453
11957;11;1087;549;538
11963;7;1709;858;851
11965;5;2393;1199;1194
11967;3;3989;1996;1993
11983;23;521;272;249
11989;19;631;325;306
11993;67;179;123;56
11995;5;2399;1202;1197
12001;11;1091;551;540
12003;3;4001;2002;1999
12009;3;4003;2003;2000
12013;41;293;167;126
12017;61;197;129;68
12021;3;4007;2005;2002
12023;11;1093;552;541
12029;23;523;273;250
12031;53;227;140;87
12039;3;4013;2008;2005
12047;7;1721;864;857
12053;17;709;363;346
12055;5;2411;1208;1203
12057;3;4019;2011;2008
12059;31;389;210;179
12061;7;1723;865;858
12063;3;4021;2012;2009
12067;11;1097;554;543
12077;13;929;471;458
12079;47;257;152;105
12081;3;4027;2015;2012
12083;43;281;162;119
12085;5;2417;1211;1206
12091;107;113;110;3
12115;5;2423;1214;1209
12127;67;181;124;57
12131;7;1733;870;863
12133;11;1103;557;546
12137;53;229;141;88
12139;61;199;130;69
12147;3;4049;2026;2023
12151;29;419;224;195
12153;3;4051;2027;2024
12169;43;283;163;120
12171;3;4057;2030;2027
12179;19;641;330;311
12181;13;937;475;462
12185;5;2437;1221;1216
12187;7;1741;874;867
12191;73;167;120;47
12193;89;137;113;24
12199;11;1109;560;549
12205;5;2441;1223;1218
12209;29;421;225;196
12217;19;643;331;312
12219;3;4073;2038;2035
12223;17;719;368;351
12229;7;1747;877;870
12233;13;941;477;464
12235;5;2447;1226;1221
12237;3;4079;2041;2038
12247;37;331;184;147
12271;7;1753;880;873
12273;3;4091;2047;2044
12279;3;4093;2048;2045
12283;71;173;122;51
12287;11;1117;564;553
12293;19;647;333;314
12295;5;2459;1232;1227
12297;3;4099;2051;2048
12307;31;397;214;183
12311;13;947;480;467
12313;7;1759;883;876
12317;109;113;111;2
12319;97;127;112;15
12333;3;4111;2057;2054
12335;5;2467;1236;1231
12349;53;233;143;90
12353;11;1123;567;556
12359;17;727;372;355
12361;47;263;155;108
12365;5;2473;1239;1234
12367;83;149;116;33
12371;89;139;114;25
12381;3;4127;2065;2062
12385;5;2477;1241;1236
12387;3;4129;2066;2063
12389;13;953;483;470
12399;3;4133;2068;2065
12403;79;157;118;39
12407;19;653;336;317
12417;3;4139;2071;2068
12419;11;1129;570;559
12431;31;401;216;185
12439;7;1777;892;885
12443;23;541;282;259
12449;59;211;135;76
12459;3;4153;2078;2075
12461;17;733;375;358
12469;37;337;187;150
12471;3;4157;2080;2077
12477;3;4159;2081;2078
12481;7;1783;895;888
12499;29;431;230;201
12509;7;1787;897;890
12515;5;2503;1254;1249
12521;19;659;339;320
12523;7;1789;898;891
12531;3;4177;2090;2087
12533;83;151;117;34
12557;29;433;231;202
12559;19;661;340;321
12563;17;739;378;361
12571;13;967;490;477
12581;23;547;285;262
12587;41;307;174;133
12599;43;293;168;125
12603;3;4201;2102;2099
12605;5;2521;1263;1258
12607;7;1801;904;897
12623;13;971;492;479
12629;73;173;123;50
12631;17;743;380;363
12633;3;4211;2107;2104
12643;47;269;158;111
12651;3;4217;2110;2107
12655;5;2531;1268;1263
12657;3;4219;2111;2108
12661;11;1151;581;570
12667;53;239;146;93
12677;7;1811;909;902
12679;31;409;220;189
12683;11;1153;582;571
12687;3;4229;2116;2113
12693;3;4231;2117;2114
12695;5;2539;1272;1267
12701;13;977;495;482
12707;97;131;114;17
12709;71;179;125;54
12715;5;2543;1274;1269
12723;3;4241;2122;2119
12729;3;4243;2123;2120
12731;29;439;234;205
12737;47;271;159;112
12745;5;2549;1277;1272
12751;41;311;176;135
12755;5;2551;1278;1273
12759;3;4253;2128;2125
12761;7;1823;915;908
12767;17;751;384;367
12769;113;113;113;0
12773;53;241;147;94
12777;3;4259;2131;2128
12779;13;983;498;485
12783;3;4261;2132;2129
12785;5;2557;1281;1276
12787;19;673;346;327
12793;11;1163;587;576
12797;67;191;129;62
12811;23;557;290;267
12813;3;4271;2137;2134
12817;7;1831;919;912
12819;3;4273;2138;2135
12827;101;127;114;13
12833;41;313;177;136
12839;37;347;192;155
12847;29;443;236;207
12849;3;4283;2143;2140
12851;71;181;126;55
12863;19;677;348;329
12867;3;4289;2146;2143
12869;17;757;387;370
12871;61;211;136;75
12877;79;163;121;42
12881;11;1171;591;580
12883;13;991;502;489
12891;3;4297;2150;2147
12895;5;2579;1292;1287
12913;37;349;193;156
12929;7;1847;927;920
12931;67;193;130;63
12937;17;761;389;372
12949;23;563;293;270
12955;5;2591;1298;1293
12961;13;997;505;492
12965;5;2593;1299;1294
12977;19;683;351;332
12981;3;4327;2165;2162
12989;31;419;225;194
12991;11;1181;596;585
12997;41;317;179;138
13011;3;4337;2170;2167
13017;3;4339;2171;2168
13019;47;277;162;115
13021;29;449;239;210
13027;7;1861;934;927
13031;83;157;120;37
13045;5;2609;1307;1302
13047;3;4349;2176;2173
13051;31;421;226;195
13057;11;1187;599;588
13061;37;353;195;158
13067;73;179;126;53
13069;7;1867;937;930
13071;3;4357;2180;2177
13073;17;769;393;376
13081;103;127;115;12
13085;5;2617;1311;1306
13087;23;569;296;273
13089;3;4363;2183;2180
13097;7;1871;939;932
13105;5;2621;1313;1308
13111;7;1873;940;933
13117;13;1009;511;498
13119;3;4373;2188;2185
13123;11;1193;602;591
13129;19;691;355;336
13133;23;571;297;274
13139;7;1877;942;935
13141;17;773;395;378
13153;7;1879;943;936
13157;59;223;141;82
13165;5;2633;1319;1314
13169;13;1013;513;500
13173;3;4391;2197;2194
13191;3;4397;2200;2197
13193;79;167;123;44
13199;67;197;132;65
13201;43;307;175;132
13207;47;281;164;117
13211;11;1201;606;595
13213;73;181;127;54
13223;7;1889;948;941
13227;3;4409;2206;2203
13231;101;131;116;15
13235;5;2647;1326;1321
13247;13;1019;516;503
13253;29;457;243;214
13261;89;149;119;30
13263;3;4421;2212;2209
13269;3;4423;2213;2210
13271;23;577;300;277
13273;13;1021;517;504
13283;37;359;198;161
13285;5;2657;1331;1326
13289;97;137;117;20
13295;5;2659;1332;1327
13301;47;283;165;118
13303;53;251;152;99
13307;7;1901;954;947
13315;5;2663;1334;1329
13319;19;701;360;341
13323;3;4441;2222;2219
13333;67;199;133;66
13341;3;4447;2225;2222
13343;11;1213;612;601
13349;7;1907;957;950
13353;3;4451;2227;2224
13355;5;2671;1338;1333
13361;31;431;231;200
13369;29;461;245;216
13371;3;4457;2230;2227
13373;43;311;177;134
13379;17;787;402;385
13385;5;2677;1341;1336
13387;11;1217;614;603
13389;3;4463;2233;2230
13391;7;1913;960;953
13393;59;227;143;84
13403;13;1031;522;509
13415;5;2683;1344;1339
13423;31;433;232;201
13427;29;463;246;217
13429;13;1033;523;510
13435;5;2687;1346;1341
13439;89;151;120;31
13443;3;4481;2242;2239
13445;5;2689;1347;1342
13449;3;4483;2243;2240
13453;11;1223;617;606
13459;43;313;178;135
13465;5;2693;1349;1344
13471;19;709;364;345
13479;3;4493;2248;2245
13483;97;139;118;21
13493;103;131;117;14
13495;5;2699;1352;1347
13501;23;587;305;282
13507;13;1039;526;513
13511;59;229;144;85
13517;7;1931;969;962
13519;11;1229;620;609
13521;3;4507;2255;2252
13529;83;163;123;40
13531;7;1933;970;963
13535;5;2707;1356;1351
13539;3;4513;2258;2255
13541;11;1231;621;610
13543;29;467;248;219
13549;17;797;407;390
13551;3;4517;2260;2257
13555;5;2711;1358;1353
13557;3;4519;2261;2258
13561;71;191;131;60
13565;5;2713;1359;1354
13569;3;4523;2263;2260
13571;41;331;186;145
13579;37;367;202;165
13589;107;127;117;10
13595;5;2719;1362;1357
13603;61;223;142;81
13607;11;1237;624;613
13609;31;439;235;204
13621;53;257;155;102
13631;43;317;180;137
13637;13;1049;531;518
13639;23;593;308;285
13641;3;4547;2275;2272
13643;7;1949;978;971
13645;5;2729;1367;1362
13647;3;4549;2276;2273
13655;5;2731;1368;1363
13657;7;1951;979;972
13661;19;719;369;350
13663;13;1051;532;519
13667;79;173;126;47
13683;3;4561;2282;2279
13701;3;4567;2285;2282
13703;71;193;132;61
13705;5;2741;1373;1368
13733;31;443;237;206
13739;11;1249;630;619
13745;5;2749;1377;1372
13747;59;233;146;87
13749;3;4583;2293;2290
13753;17;809;413;396
13765;5;2753;1379;1374
13771;47;293;170;123
13773;3;4591;2297;2294
13777;23;599;311;288
13787;17;811;414;397
13791;3;4597;2300;2297
13793;13;1061;537;524
13801;37;373;205;168
13809;3;4603;2303;2300
13811;7;1973;990;983
13813;19;727;373;354
13817;41;337;189;148
13819;13;1063;538;525
13823;23;601;312;289
13835;5;2767;1386;1381
13837;101;137;119;18
13843;109;127;118;9
13847;61;227;144;83
13849;11;1259;635;624
13853;7;1979;993;986
13861;83;167;125;42
13863;3;4621;2312;2309
13885;5;2777;1391;1386
13891;29;479;254;225
13897;13;1069;541;528
13909;7;1987;997;990
13911;3;4637;2320;2317
13917;3;4639;2321;2318
13919;31;449;240;209
13927;19;733;376;357
13929;3;4643;2323;2320
13939;53;263;158;105
13943;73;191;132;59
13945;5;2789;1397;1392
13947;3;4649;2326;2323
13951;7;1993;1000;993
13953;3;4651;2327;2324
13955;5;2791;1398;1393
13957;17;821;419;402
13961;23;607;315;292
13969;61;229;145;84
13971;3;4657;2330;2327
13973;89;157;123;34
13979;7;1997;1002;995
13985;5;2797;1401;1396
13987;71;197;134;63
13989;3;4663;2333;2330
13991;17;823;420;403
13993;7;1999;1003;996
14005;5;2801;1403;1398
14015;5;2803;1404;1399
14017;107;131;119;12
14019;3;4673;2338;2335
14021;7;2003;1005;998
14023;37;379;208;171
14037;3;4679;2341;2338
14039;101;139;120;19
14041;19;739;379;360
14047;11;1277;644;633
14059;17;827;422;405
14069;11;1279;645;634
14073;3;4691;2347;2344
14077;7;2011;1009;1002
14089;73;193;133;60
14093;17;829;423;406
14095;5;2819;1412;1407
14099;23;613;318;295
14101;59;239;149;90
14109;3;4703;2353;2350
14111;103;137;120;17
14113;11;1283;647;636
14117;19;743;381;362
14119;7;2017;1012;1005
14123;29;487;258;229
14129;71;199;135;64
14131;13;1087;550;537
14137;67;211;139;72
14141;79;179;129;50
14163;3;4721;2362;2359
14165;5;2833;1419;1414
14167;31;457;244;213
14169;3;4723;2363;2360
14171;37;383;210;173
14179;11;1289;650;639
14183;13;1091;552;539
14185;5;2837;1421;1416
14187;3;4729;2366;2363
14189;7;2027;1017;1010
14191;23;617;320;297
14199;3;4733;2368;2365
14201;11;1291;651;640
14203;7;2029;1018;1011
14209;13;1093;553;540
14213;61;233;147;86
14215;5;2843;1424;1419
14219;59;241;150;91
14227;41;347;194;153
14233;43;331;187;144
14237;23;619;321;298
14239;29;491;260;231
14253;3;4751;2377;2374
14255;5;2851;1428;1423
14257;53;269;161;108
14261;13;1097;555;542
14263;17;839;428;411
14267;11;1297;654;643
14269;19;751;385;366
14273;7;2039;1023;1016
14277;3;4759;2381;2378
14279;109;131;120;11
14285;5;2857;1431;1426
14291;31;461;246;215
14299;79;181;130;51
14305;5;2861;1433;1428
14309;41;349;195;154
14311;11;1301;656;645
14317;103;139;121;18
14333;11;1303;657;646
14339;13;1103;558;545
14349;3;4783;2393;2390
14351;113;127;120;7
14353;31;463;247;216
14359;83;173;128;45
14361;3;4787;2395;2392
14363;53;271;162;109
14367;3;4789;2396;2393
14371;7;2053;1030;1023
14377;11;1307;659;648
14379;3;4793;2398;2395
14381;73;197;135;62
14383;19;757;388;369
14393;37;389;213;176
14395;5;2879;1442;1437
14397;3;4799;2401;2398
14403;3;4801;2402;2399
14417;13;1109;561;548
14429;47;307;177;130
14435;5;2887;1446;1441
14439;3;4813;2408;2405
14441;7;2063;1035;1028
14451;3;4817;2410;2407
14453;97;149;123;26
14459;19;761;390;371
14471;29;499;264;235
14473;41;353;197;156
14477;31;467;249;218
14483;7;2069;1038;1031
14485;5;2897;1451;1446
14491;43;337;190;147
14493;3;4831;2417;2414
14501;17;853;435;418
14507;89;163;126;37
14509;11;1319;665;654
14513;23;631;327;304
14515;5;2903;1454;1449
14521;13;1117;565;552
14527;73;199;136;63
14531;11;1321;666;655
14545;5;2909;1457;1452
14567;7;2081;1044;1037
14569;17;857;437;420
14579;61;239;150;89
14581;7;2083;1045;1038
14583;3;4861;2432;2429
14585;5;2917;1461;1456
14587;29;503;266;237
14597;11;1327;669;658
14599;13;1123;568;555
14603;17;859;438;421
14609;7;2087;1047;1040
14611;19;769;394;375
14613;3;4871;2437;2434
14617;47;311;179;132
14623;7;2089;1048;1041
14631;3;4877;2440;2437
14635;5;2927;1466;1461
14647;97;151;124;27
14659;107;137;122;15
14667;3;4889;2446;2443
14671;17;863;440;423
14677;13;1129;571;558
14681;53;277;165;112
14687;19;773;396;377
14689;37;397;217;180
14693;7;2099;1053;1046
14695;5;2939;1472;1467
14701;61;241;151;90
14709;3;4903;2453;2450
14711;47;313;180;133
14719;41;359;200;159
14727;3;4909;2456;2453
14743;23;641;332;309
14757;3;4919;2461;2458
14761;29;509;269;240
14765;5;2953;1479;1474
14777;7;2111;1059;1052
14785;5;2957;1481;1476
14789;23;643;333;310
14791;7;2113;1060;1053
14793;3;4931;2467;2464
14799;3;4933;2468;2465
14803;113;131;122;9
14809;59;251;155;96
14811;3;4937;2470;2467
14815;5;2963;1484;1479
14829;3;4943;2473;2470
14837;37;401;219;182
14845;5;2969;1487;1482
14849;31;479;255;224
14853;3;4951;2477;2474
14855;5;2971;1488;1483
14857;83;179;131;48
14863;89;167;128;39
14871;3;4957;2480;2477
14873;107;139;123;16
14881;23;647;335;312
14893;53;281;167;114
14899;47;317;182;135
14901;3;4967;2485;2482
14903;7;2129;1068;1061
14907;3;4969;2486;2483
14909;17;877;447;430
14917;7;2131;1069;1062
14919;3;4973;2488;2485
14921;43;347;195;152
14933;109;137;123;14
14941;67;223;145;78
14953;19;787;403;384
14959;7;2137;1072;1065
14961;3;4987;2495;2492
14963;13;1151;582;569
14971;11;1361;686;675
14977;17;881;449;432
14979;3;4993;2498;2495
14981;71;211;141;70
14987;7;2141;1074;1067
14989;13;1153;583;570
14995;5;2999;1502;1497
14997;3;4999;2501;2498
14999;53;283;168;115
15001;7;2143;1075;1068
15005;5;3001;1503;1498
15007;43;349;196;153
15009;3;5003;2503;2500
15011;17;883;450;433
15019;23;653;338;315
15023;83;181;132;49
15027;3;5009;2506;2503
15033;3;5011;2507;2504
15037;11;1367;689;678
15047;41;367;204;163
15049;101;149;125;24
15055;5;3011;1508;1503
15063;3;5021;2512;2509
15069;3;5023;2513;2510
15071;7;2153;1080;1073
15079;17;887;452;435
15089;79;191;135;56
15095;5;3019;1512;1507
15097;31;487;259;228
15103;11;1373;692;681
15109;29;521;275;246
15115;5;3023;1514;1509
15117;3;5039;2521;2518
15119;13;1163;588;575
15127;7;2161;1084;1077
15133;37;409;223;186
15143;19;797;408;389
15151;109;139;124;15
15153;3;5051;2527;2524
15157;23;659;341;318
15163;59;257;158;99
15167;29;523;276;247
15177;3;5059;2531;2528
15179;43;353;198;155
15185;5;3037;1521;1516
15191;11;1381;696;685
15203;23;661;342;319
15205;5;3041;1523;1518
15209;67;227;147;80
15221;31;491;261;230
15223;13;1171;592;579
15229;97;157;127;30
15231;3;5077;2540;2537
15243;3;5081;2542;2539
15245;5;3049;1527;1522
15247;79;193;136;57
15251;101;151;126;25
15253;7;2179;1093;1086
15261;3;5087;2545;2542
15293;41;373;207;166
15297;3;5099;2551;2548
15303;3;5101;2552;2549
15305;5;3061;1533;1528
15311;61;251;156;95
15321;3;5107;2555;2552
15335;5;3067;1536;1531
15339;3;5113;2558;2555
15343;67;229;148;81
15347;103;149;126;23
15353;13;1181;597;584
15357;3;5119;2561;2558
15371;19;809;414;395
15389;11;1399;705;694
15395;5;3079;1542;1537
15397;89;173;131;42
15403;73;211;142;69
15409;19;811;415;396
15415;5;3083;1544;1539
15419;17;907;462;445
15421;7;2203;1105;1098
15431;13;1187;600;587
15437;43;359;201;158
15441;3;5147;2575;2572
15445;5;3089;1547;1542
15449;7;2207;1107;1100
15459;3;5153;2578;2575
15469;31;499;265;234
15479;23;673;348;325
15481;113;137;125;12
15487;17;911;464;447
15491;7;2213;1110;1103
15499;11;1409;710;699
15501;3;5167;2585;2582
15503;37;419;228;191
15509;13;1193;603;590
15513;3;5171;2587;2584
15517;59;263;161;102
15529;53;293;173;120
15537;3;5179;2591;2588
15539;41;379;210;169
15545;5;3109;1557;1552
15547;7;2221;1114;1107
15553;103;151;127;24
15557;47;331;189;142
15563;79;197;138;59
15567;3;5189;2596;2593
15571;23;677;350;327
15577;37;421;229;192
15591;3;5197;2600;2597
15593;31;503;267;236
15595;5;3119;1562;1557
15599;19;821;420;401
15605;5;3121;1563;1558
15611;67;233;150;83
15613;13;1201;607;594
15623;17;919;468;451
15627;3;5209;2606;2603
15637;19;823;421;402
15653;11;1423;717;706
15659;7;2237;1122;1115
15673;7;2239;1123;1116
15677;61;257;159;98
15681;3;5227;2615;2612
15685;5;3137;1571;1566
15689;29;541;285;256
15693;3;5231;2617;2614
15697;11;1427;719;708
15699;3;5233;2618;2615
15701;7;2243;1125;1118
15703;41;383;212;171
15707;113;139;126;13
15709;23;683;353;330
15711;3;5237;2620;2617
15713;19;827;423;404
15719;11;1429;720;709
15721;79;199;139;60
15751;19;829;424;405
15757;7;2251;1129;1122
15763;11;1433;722;711
15769;13;1213;613;600
15779;31;509;270;239
15781;43;367;205;162
15783;3;5261;2632;2629
15793;17;929;473;456
15811;97;163;130;33
15815;5;3163;1584;1579
15819;3;5273;2638;2635
15821;13;1217;615;602
15829;11;1439;725;714
15833;71;223;147;76
15835;5;3167;1586;1581
15837;3;5279;2641;2638
15839;47;337;192;145
15843;3;5281;2642;2639
15845;5;3169;1587;1582
15853;83;191;137;54
15857;101;157;129;28
15863;29;547;288;259
15869;7;2267;1137;1130
15871;59;269;164;105
15883;7;2269;1138;1131
15891;3;5297;2650;2647
15893;23;691;357;334
15899;13;1223;618;605
15905;5;3181;1593;1588
15909;3;5303;2653;2650
15911;7;2273;1140;1133
15917;11;1447;729;718
15927;3;5309;2656;2653
15929;17;937;477;460
15931;89;179;134;45
15935;5;3187;1596;1591
15941;19;839;429;410
15943;107;149;128;21
15947;37;431;234;197
15949;41;389;215;174
15955;5;3191;1598;1593
15961;11;1451;731;720
15967;7;2281;1144;1137
15969;3;5323;2663;2660
15977;13;1229;621;608
15983;11;1453;732;721
15989;59;271;165;106
15997;17;941;479;462
15999;3;5333;2668;2665
16003;13;1231;622;609
16009;7;2287;1147;1140
16013;67;239;153;86
16015;5;3203;1604;1599
16019;83;193;138;55
16021;37;433;235;198
16039;43;373;208;165
16041;3;5347;2675;2672
16043;61;263;162;101
16045;5;3209;1607;1602
16049;11;1459;735;724
16051;7;2293;1150;1143
16053;3;5351;2677;2674
16079;7;2297;1152;1145
16081;13;1237;625;612
16085;5;3217;1611;1606
16099;17;947;482;465
16105;5;3221;1613;1608
16109;89;181;135;46
16117;71;227;149;78
16123;23;701;362;339
16129;127;127;127;0
16143;3;5381;2692;2689
16145;5;3229;1617;1612
16147;67;241;154;87
16151;31;521;276;245
16153;29;557;293;264
16157;107;151;129;22
16161;3;5387;2695;2692
16163;7;2309;1158;1151
16171;103;157;130;27
16177;7;2311;1159;1152
16179;3;5393;2698;2695
16181;11;1471;741;730
16197;3;5399;2701;2698
16199;97;167;132;35
16201;17;953;485;468
16207;19;853;436;417
16213;31;523;277;246
16221;3;5407;2705;2702
16237;13;1249;631;618
16239;3;5413;2708;2705
16241;109;149;129;20
16243;37;439;238;201
16251;3;5417;2710;2707
16255;5;3251;1628;1623
16257;3;5419;2711;2708
16259;71;229;150;79
16265;5;3253;1629;1624
16271;53;307;180;127
16277;41;397;219;178
16279;73;223;148;75
16283;19;857;438;419
16285;5;3257;1631;1626
16291;11;1481;746;735
16293;3;5431;2717;2714
16295;5;3259;1632;1627
16297;43;379;211;168
16307;23;709;366;343
16309;47;347;197;150
16311;3;5437;2720;2717
16313;11;1483;747;736
16321;19;859;439;420
16323;3;5441;2722;2719
16327;29;563;296;267
16329;3;5443;2723;2720
16331;7;2333;1170;1163
16343;59;277;168;109
16347;3;5449;2726;2723
16351;83;197;140;57
16355;5;3271;1638;1633
16357;11;1487;749;738
16367;13;1259;636;623
16373;7;2339;1173;1166
16379;11;1489;750;739
16387;7;2341;1174;1167
16391;37;443;240;203
16397;19;863;441;422
16403;47;349;198;151
16409;61;269;165;104
16413;3;5471;2737;2734
16423;11;1493;752;741
16429;7;2347;1177;1170
16431;3;5477;2740;2737
16437;3;5479;2741;2738
16439;17;967;492;475
16441;41;401;221;180
16449;3;5483;2743;2740
16457;7;2351;1179;1172
16459;109;151;130;21
16463;101;163;132;31
16469;43;383;213;170
16483;53;311;182;129
16489;11;1499;755;744
16495;5;3299;1652;1647
16499;7;2357;1182;1175
16501;29;569;299;270
16503;3;5501;2752;2749
16505;5;3301;1653;1648
16507;17;971;494;477
16509;3;5503;2753;2750
16517;83;199;141;58
16521;3;5507;2755;2752
16531;61;271;166;105
16535;5;3307;1656;1651
16537;23;719;371;348
16543;71;233;152;81
16557;3;5519;2761;2758
16559;29;571;300;271
16563;3;5521;2762;2759
16565;5;3313;1659;1654
16571;73;227;150;77
16579;59;281;170;111
16581;3;5527;2765;2762
16589;53;313;183;130
16591;47;353;200;153
16593;3;5531;2767;2764
16595;5;3319;1662;1657
16597;7;2371;1189;1182
16601;13;1277;645;632
16609;17;977;497;480
16613;37;449;243;206
16615;5;3323;1664;1659
16621;11;1511;761;750
16627;13;1279;646;633
16637;127;131;129;2
16639;7;2377;1192;1185
16645;5;3329;1667;1662
16655;5;3331;1668;1663
16663;19;877;448;429
16667;7;2381;1194;1187
16669;79;211;145;66
16671;3;5557;2780;2777
16679;13;1283;648;635
16681;7;2383;1195;1188
16689;3;5563;2783;2780
16697;59;283;171;112
16707;3;5569;2786;2783
16711;17;983;500;483
16715;5;3343;1674;1669
16717;73;229;151;78
16719;3;5573;2788;2785
16721;23;727;375;352
16723;7;2389;1198;1191
16727;43;389;216;173
16733;29;577;303;274
16735;5;3347;1676;1671
16739;19;881;450;431
16743;3;5581;2792;2789
16751;7;2393;1200;1193
16753;11;1523;767;756
16757;13;1289;651;638
16769;41;409;225;184
16771;31;541;286;255
16773;3;5591;2797;2794
16777;19;883;451;432
16781;97;173;135;38
16783;13;1291;652;639
16789;103;163;133;30
16793;7;2399;1203;1196
16795;5;3359;1682;1677
16799;107;157;132;25
16801;53;317;185;132
16805;5;3361;1683;1678
16817;67;251;159;92
16837;113;149;131;18
16841;11;1531;771;760
16847;17;991;504;487
16853;19;887;453;434
16855;5;3371;1688;1683
16859;23;733;378;355
16861;13;1297;655;642
16865;5;3373;1689;1684
16867;101;167;134;33
16869;3;5623;2813;2810
16873;47;359;203;156
16877;7;2411;1209;1202
16897;61;277;169;108
16909;37;457;247;210
16913;13;1301;657;644
16917;3;5639;2821;2818
16919;7;2417;1212;1205
16923;3;5641;2822;2819
16939;13;1303;658;645
16941;3;5647;2825;2822
16945;5;3389;1697;1692
16949;17;997;507;490
16953;3;5651;2827;2824
16955;5;3391;1698;1693
16957;31;547;289;258
16959;3;5653;2828;2825
16961;7;2423;1215;1208
16969;71;239;155;84
16971;3;5657;2830;2827
16973;11;1543;777;766
16977;3;5659;2831;2828
16991;13;1307;660;647
16997;23;739;381;358
16999;89;191;140;51
17007;3;5669;2836;2833
17009;73;233;153;80
17023;29;587;308;279
17035;5;3407;1706;1701
17039;11;1549;780;769
17049;3;5683;2843;2840
17057;37;461;249;212
17059;7;2437;1222;1215
17063;113;151;132;19
17065;5;3413;1709;1704
17067;3;5689;2846;2843
17071;43;397;220;177
17079;3;5693;2848;2845
17083;11;1553;782;771
17087;7;2441;1224;1217
17089;23;743;383;360
17103;3;5701;2852;2849
17111;71;241;156;85
17113;109;157;133;24
17129;7;2447;1227;1220
17131;37;463;250;213
17133;3;5711;2857;2854
17141;61;281;171;110
17147;13;1319;666;653
17149;11;1559;785;774
17151;3;5717;2860;2857
17153;17;1009;513;496
17161;131;131;131;0
17165;5;3433;1719;1714
17173;13;1321;667;654
17177;89;193;141;52
17179;41;419;230;189
17197;29;593;311;282
17201;103;167;135;32
17211;3;5737;2870;2867
17213;7;2459;1233;1226
17219;67;257;162;95
17221;17;1013;515;498
17223;3;5741;2872;2869
17229;3;5743;2873;2870
17233;19;907;463;444
17237;11;1567;789;778
17243;43;401;222;179
17245;5;3449;1727;1722
17247;3;5749;2876;2873
17249;47;367;207;160
17251;13;1327;670;657
17261;41;421;231;190
17263;61;283;172;111
17267;31;557;294;263
17269;7;2467;1237;1230
17273;23;751;387;364
17279;37;467;252;215
17281;11;1571;791;780
17285;5;3457;1731;1726
17287;59;293;176;117
17305;5;3461;1733;1728
17309;19;911;465;446
17311;7;2473;1240;1233
17315;5;3463;1734;1729
17323;17;1019;518;501
17335;5;3467;1736;1731
17337;3;5779;2891;2888
17339;7;2477;1242;1235
17345;5;3469;1737;1732
17349;3;5783;2893;2890
17357;17;1021;519;502
17363;97;179;138;41
17369;11;1579;795;784
17371;29;599;314;285
17373;3;5791;2897;2894
17399;127;137;132;5
17403;3;5801;2902;2899
17411;23;757;390;367
17413;11;1583;797;786
17421;3;5807;2905;2902
17429;29;601;315;286
17439;3;5813;2908;2905
17441;107;163;135;28
17447;73;239;156;83
17453;31;563;297;266
17455;5;3491;1748;1743
17461;19;919;469;450
17463;3;5821;2912;2909
17473;101;173;137;36
17481;3;5827;2915;2912
17495;5;3499;1752;1747
17503;23;761;392;369
17513;83;211;147;64
17517;3;5839;2921;2918
17521;7;2503;1255;1248
17527;17;1031;524;507
17529;3;5843;2923;2920
17531;47;373;210;163
17533;89;197;143;54
17543;53;331;192;139
17547;3;5849;2926;2923
17553;3;5851;2927;2924
17555;5;3511;1758;1753
17557;97;181;139;42
17561;17;1033;525;508
17567;11;1597;804;793
17571;3;5857;2930;2927
17583;3;5861;2932;2929
17585;5;3517;1761;1756
17587;43;409;226;183
17593;73;241;157;84
17601;3;5867;2935;2932
17603;29;607;318;289
17607;3;5869;2936;2933
17611;11;1601;806;795
17617;79;223;151;72
17621;67;263;165;98
17635;5;3527;1766;1761
17637;3;5879;2941;2938
17639;31;569;300;269
17643;3;5881;2942;2939
17645;5;3529;1767;1762
17647;7;2521;1264;1257
17651;19;929;474;455
17653;127;139;133;6
17663;17;1039;528;511
17665;5;3533;1769;1764
17671;41;431;236;195
17677;11;1607;809;798
17687;23;769;396;373
17691;3;5897;2950;2947
17693;13;1361;687;674
17695;5;3539;1772;1767
17699;11;1609;810;799
17701;31;571;301;270
17705;5;3541;1773;1768
17709;3;5903;2953;2950
17711;89;199;144;55
17717;7;2531;1269;1262
17723;37;479;258;221
17735;5;3547;1776;1771
17741;113;157;135;22
17743;11;1613;812;801
17753;41;433;237;196
17767;109;163;136;27
17769;3;5923;2963;2960
17771;13;1367;690;677
17773;7;2539;1273;1266
17777;29;613;321;292
17779;23;773;398;375
17781;3;5927;2965;2962
17785;5;3557;1781;1776
17795;5;3559;1782;1777
17801;7;2543;1275;1268
17803;19;937;478;459
17809;11;1619;815;804
17813;47;379;213;166
17817;3;5939;2971;2968
17819;103;173;138;35
17821;71;251;161;90
17831;11;1621;816;805
17833;17;1049;533;516
17843;7;2549;1278;1271
17849;13;1373;693;680
17855;5;3571;1788;1783
17857;7;2551;1279;1272
17859;3;5953;2978;2975
17861;53;337;195;142
17867;17;1051;534;517
17869;107;167;137;30
17873;61;293;177;116
17879;19;941;480;461
17887;31;577;304;273
17893;29;617;323;294
17897;11;1627;819;808
17899;7;2557;1282;1275
17905;5;3581;1793;1788
17915;5;3583;1794;1789
17933;79;227;153;74
17943;3;5981;2992;2989
17947;131;137;134;3
17951;29;619;324;295
17953;13;1381;697;684
17961;3;5987;2995;2992
17965;5;3593;1799;1794
17993;19;947;483;464
17999;41;439;240;199
18001;47;383;215;168
18007;11;1637;824;813
18017;43;419;231;188
18019;37;487;262;225
18021;3;6007;3005;3002
18023;67;269;168;101
18033;3;6011;3007;3004
18035;5;3607;1806;1801
18037;17;1061;539;522
18053;7;2579;1293;1286
18065;5;3613;1809;1804
18071;17;1063;540;523
18079;101;179;140;39
18085;5;3617;1811;1806
18087;3;6029;3016;3013
18091;79;229;154;75
18101;23;787;405;382
18103;43;421;232;189
18107;19;953;486;467
18111;3;6037;3020;3017
18113;59;307;183;124
18115;5;3623;1814;1809
18129;3;6043;3023;3020
18137;7;2591;1299;1292
18141;3;6047;3025;3022
18151;7;2593;1300;1293
18155;5;3631;1818;1813
18157;67;271;169;102
18159;3;6053;3028;3025
18163;41;443;242;201
18167;37;491;264;227
18173;17;1069;543;526
18185;5;3637;1821;1816
18187;13;1399;706;693
18197;31;587;309;278
18201;3;6067;3035;3032
18203;109;167;138;29
18209;131;139;135;4
18215;5;3643;1824;1819
18219;3;6073;3038;3035
18227;11;1657;834;823
18237;3;6079;3041;3038
18247;71;257;164;93
18263;7;2609;1308;1301
18267;3;6089;3046;3043
18273;3;6091;3047;3044
18281;101;181;141;40
18283;47;389;218;171
18293;11;1663;837;826
18295;5;3659;1832;1827
18299;29;631;330;301
18303;3;6101;3052;3049
18317;13;1409;711;698
18319;7;2617;1312;1305
18323;73;251;162;89
18331;23;797;410;387
18337;11;1667;839;828
18339;3;6113;3058;3055
18347;7;2621;1314;1307
18349;59;311;185;126
18355;5;3671;1838;1833
18359;11;1669;840;829
18363;3;6121;3062;3059
18365;5;3673;1839;1834
18373;19;967;493;474
18383;31;593;312;281
18385;5;3677;1841;1836
18391;53;347;200;147
18393;3;6131;3067;3064
18399;3;6133;3068;3065
18407;79;233;156;77
18409;41;449;245;204
18419;113;163;138;25
18429;3;6143;3073;3070
18431;7;2633;1320;1313
18437;103;179;141;38
18449;19;971;495;476
18453;3;6151;3077;3074
18455;5;3691;1848;1843
18463;37;499;268;231
18467;59;313;186;127
18479;17;1087;552;535
18485;5;3697;1851;1846
18489;3;6163;3083;3080
18497;53;349;201;148
18499;13;1423;718;705
18505;5;3701;1853;1848
18509;83;223;153;70
18511;107;173;140;33
18519;3;6173;3088;3085
18527;97;191;144;47
18529;7;2647;1327;1320
18533;43;431;237;194
18545;5;3709;1857;1852
18547;17;1091;554;537
18551;13;1427;720;707
18559;67;277;172;105
18563;19;977;498;479
18569;31;599;315;284
18577;13;1429;721;708
18581;17;1093;555;538
18589;29;641;335;306
18591;3;6197;3100;3097
18595;5;3719;1862;1857
18597;3;6199;3101;3098
18599;7;2657;1332;1325
18607;23;809;416;393
18609;3;6203;3103;3100
18611;37;503;270;233
18613;7;2659;1333;1326
18619;43;433;238;195
18623;11;1693;852;841
18629;13;1433;723;710
18631;31;601;316;285
18633;3;6211;3107;3104
18635;5;3727;1866;1861
18641;7;2663;1335;1328
18643;103;181;142;39
18647;29;643;336;307
18649;17;1097;557;540
18651;3;6217;3110;3107
18653;23;811;417;394
18659;47;397;222;175
18663;3;6221;3112;3109
18665;5;3733;1869;1864
18667;11;1697;854;843
18673;71;263;167;96
18677;19;983;501;482
18687;3;6229;3116;3113
18689;11;1699;855;844
18695;5;3739;1872;1867
18697;7;2671;1339;1332
18703;59;317;188;129
18707;13;1439;726;713
18709;53;353;203;150
18721;97;193;145;48
18727;61;307;184;123
18737;41;457;249;208
18739;7;2677;1342;1335
18741;3;6247;3125;3122
18751;17;1103;560;543
18761;73;257;165;92
18763;29;647;338;309
18769;137;137;137;0
18771;3;6257;3130;3127
18779;89;211;150;61
18781;7;2683;1345;1338
18789;3;6263;3133;3130
18799;11;1709;860;849
18805;5;3761;1883;1878
18807;3;6269;3136;3133
18809;7;2687;1347;1340
18811;13;1447;730;717
18813;3;6271;3137;3134
18817;31;607;319;288
18823;7;2689;1348;1341
18827;67;281;174;107
18829;19;991;505;486
18831;3;6277;3140;3137
18833;37;509;273;236
18835;5;3767;1886;1881
18841;83;227;155;72
18845;5;3769;1887;1882
18847;47;401;224;177
18851;7;2693;1350;1343
18853;17;1109;563;546
18857;109;173;141;32
18861;3;6287;3145;3142
18863;13;1451;732;719
18871;113;167;140;27
18877;43;439;241;198
18881;79;239;159;80
18883;23;821;422;399
18889;13;1453;733;720
18893;7;2699;1353;1346
18895;5;3779;1892;1887
18897;3;6299;3151;3148
18901;41;461;251;210
18903;3;6301;3152;3149
18923;127;149;138;11
18929;23;823;423;400
18931;11;1721;866;855
18933;3;6311;3157;3154
18937;29;653;341;312
18943;19;997;508;489
18949;7;2707;1357;1350
18951;3;6317;3160;3157
18953;11;1723;867;856
18961;67;283;175;108
18965;5;3793;1899;1894
18967;13;1459;736;723
18969;3;6323;3163;3160
18971;61;311;186;125
18977;7;2711;1359;1352
18983;41;463;252;211
18985;5;3797;1901;1896
18987;3;6329;3166;3163
18989;17;1117;567;550
18991;7;2713;1360;1353
19003;31;613;322;291
19007;83;229;156;73
19011;3;6337;3170;3167
19015;5;3803;1904;1899
19021;23;827;425;402
19027;53;359;206;153
19029;3;6343;3173;3170
19033;7;2719;1363;1356
19039;79;241;160;81
19043;137;139;138;1
19049;43;443;243;200
19059;3;6353;3178;3175
19063;11;1733;872;861
19067;23;829;426;403
19077;3;6359;3181;3178
19083;3;6361;3182;3179
19091;17;1123;570;553
19093;61;313;187;126
19099;71;269;170;99
19101;3;6367;3185;3182
19103;7;2729;1368;1361
19105;5;3821;1913;1908
19109;97;197;147;50
19111;29;659;344;315
19115;5;3823;1914;1909
19117;7;2731;1369;1362
19119;3;6373;3188;3185
19123;13;1471;742;729
19127;31;617;324;293
19137;3;6379;3191;3188
19147;41;467;254;213
19151;11;1741;876;865
19153;107;179;143;36
19165;5;3833;1919;1914
19167;3;6389;3196;3193
19169;29;661;345;316
19171;19;1009;514;495
19177;127;151;139;12
19187;7;2741;1374;1367
19189;31;619;325;294
19191;3;6397;3200;3197
19193;17;1129;573;556
19199;73;263;168;95
19217;11;1747;879;868
19223;47;409;228;181
19235;5;3847;1926;1921
19241;71;271;171;100
19243;7;2749;1378;1371
19247;19;1013;516;497
19253;13;1481;747;734
19255;5;3851;1928;1923
19263;3;6421;3212;3209
19265;5;3853;1929;1924
19271;7;2753;1380;1373
19277;37;521;279;242
19279;13;1483;748;735
19281;3;6427;3215;3212
19283;11;1753;882;871
19291;101;191;146;45
19297;23;839;431;408
19303;97;199;148;51
19307;43;449;246;203
19315;5;3863;1934;1929
19321;139;139;139;0
19331;13;1487;750;737
19337;61;317;189;128
19339;83;233;158;75
19347;3;6449;3226;3223
19349;11;1759;885;874
19351;37;523;280;243
19353;3;6451;3227;3224
19357;13;1489;751;738
19361;19;1019;519;500
19367;107;181;144;37
19369;7;2767;1387;1380
19385;5;3877;1941;1936
19399;19;1021;520;501
19405;5;3881;1943;1938
19407;3;6469;3236;3233
19409;13;1493;753;740
19419;3;6473;3238;3235
19439;7;2777;1392;1385
19443;3;6481;3242;3239
19445;5;3889;1947;1942
19451;53;367;210;157
19473;3;6491;3247;3244
19487;13;1499;756;743
19493;101;193;147;46
19511;109;179;144;35
19517;29;673;351;322
19519;131;149;140;9
19523;7;2789;1398;1391
19529;59;331;195;136
19535;5;3907;1956;1951
19537;7;2791;1399;1392
19547;11;1777;894;883
19549;113;173;143;30
19555;5;3911;1958;1953
19561;31;631;331;300
19563;3;6521;3262;3259
19567;17;1151;584;567
19579;7;2797;1402;1395
19585;5;3917;1961;1956
19587;3;6529;3266;3263
19589;19;1031;525;506
19595;5;3919;1962;1957
19601;17;1153;585;568
19607;7;2801;1404;1397
19613;11;1783;897;886
19615;5;3923;1964;1959
19619;23;853;438;415
19621;7;2803;1405;1398
19627;19;1033;526;507
19631;67;293;180;113
19633;29;677;353;324
19637;73;269;171;98
19639;41;479;260;219
19641;3;6547;3275;3272
19643;13;1511;762;749
19645;5;3929;1967;1962
19651;43;457;250;207
19653;3;6551;3277;3274
19655;5;3931;1968;1963
19657;11;1787;899;888
19659;3;6553;3278;3275
19667;71;277;174;103
19673;103;191;147;44
19679;11;1789;900;889
19689;3;6563;3283;3280
19693;47;419;233;186
19707;3;6569;3286;3283
19711;23;857;440;417
19713;3;6571;3287;3284
19715;5;3943;1974;1969
19729;109;181;145;36
19731;3;6577;3290;3287
19733;7;2819;1413;1406
19735;5;3947;1976;1971
19741;19;1039;529;510
19743;3;6581;3292;3289
19757;23;859;441;418
19769;53;373;213;160
19771;17;1163;590;573
19781;131;151;141;10
19783;73;271;172;99
19787;47;421;234;187
19797;3;6599;3301;3298
19799;13;1523;768;755
19807;29;683;356;327
19811;11;1801;906;895
19821;3;6607;3305;3302
19823;43;461;252;209
19829;79;251;165;86
19831;7;2833;1420;1413
19835;5;3967;1986;1981
19837;83;239;161;78
19847;89;223;156;67
19849;23;863;443;420
19857;3;6619;3311;3308
19859;7;2837;1422;1415
19871;31;641;336;305
19879;103;193;148;45
19883;59;337;198;139
19897;101;197;149;48
19901;7;2843;1425;1418
19903;13;1531;772;759
19907;17;1171;594;577
19909;43;463;253;210
19911;3;6637;3320;3317
19921;11;1811;911;900
19931;19;1049;534;515
19933;31;643;337;306
19939;127;157;142;15
19945;5;3989;1997;1992
19951;71;281;176;105
19957;7;2851;1429;1422
19959;3;6653;3328;3325
19967;41;487;264;223
19969;19;1051;535;516
19977;3;6659;3331;3328
19983;3;6661;3332;3329
19999;7;2857;1432;1425
20003;83;241;162;79
20005;5;4001;2003;1998
20015;5;4003;2004;1999
20017;37;541;289;252
20019;3;6673;3338;3335
20027;7;2861;1434;1427
20035;5;4007;2006;2001
20037;3;6679;3341;3338
20039;29;691;360;331
20053;11;1823;917;906
20057;31;647;339;308
20059;13;1543;778;765
20065;5;4013;2009;2004
20067;3;6689;3346;3343
20073;3;6691;3347;3344
20077;17;1181;599;582
20081;43;467;255;212
20087;53;379;216;163
20093;71;283;177;106
20095;5;4019;2012;2007
20099;101;199;150;49
20103;3;6701;3352;3349
20105;5;4021;2013;2008
20109;3;6703;3353;3350
20127;3;6709;3356;3353
20131;41;491;266;225
20135;5;4027;2016;2011
20137;13;1549;781;768
20141;11;1831;921;910
20153;7;2879;1443;1436
20157;3;6719;3361;3358
20159;19;1061;540;521
20171;23;877;450;427
20179;17;1187;602;585
20189;13;1553;783;770
20191;61;331;196;135
20197;19;1063;541;522
20199;3;6733;3368;3365
20203;89;227;158;69
20209;7;2887;1447;1440
20211;3;6737;3370;3367
20221;73;277;175;102
20227;113;179;146;33
20239;37;547;292;255
20243;31;653;342;311
20245;5;4049;2027;2022
20255;5;4051;2028;2023
20257;47;431;239;192
20263;23;881;452;429
20267;13;1559;786;773
20279;7;2897;1452;1445
20281;17;1193;605;588
20283;3;6761;3382;3379
20285;5;4057;2031;2026
20289;3;6763;3383;3380
20291;103;197;150;47
20299;53;383;218;165
20303;79;257;168;89
20309;23;883;453;430
20311;19;1069;544;525
20317;11;1847;929;918
20321;7;2903;1455;1448
20329;29;701;365;336
20337;3;6779;3391;3388
20343;3;6781;3392;3389
20351;47;433;240;193
20363;7;2909;1458;1451
20365;5;4073;2039;2034
20371;13;1567;790;777
20373;3;6791;3397;3394
20379;3;6793;3398;3395
20381;89;229;159;70
20395;5;4079;2042;2037
20401;23;887;455;432
20409;3;6803;3403;3400
20413;137;149;143;6
20417;17;1201;609;592
20419;7;2917;1462;1455
20423;13;1571;792;779
20429;31;659;345;314
20437;107;191;149;42
20453;113;181;147;34
20455;5;4091;2048;2043
20459;41;499;270;229
20465;5;4093;2049;2044
20467;97;211;154;57
20469;3;6823;3413;3410
20471;11;1861;936;925
20473;59;347;203;144
20481;3;6827;3415;3412
20487;3;6829;3416;3413
20489;7;2927;1467;1460
20491;31;661;346;315
20495;5;4099;2052;2047
20497;103;199;151;48
20499;3;6833;3418;3415
20513;73;281;177;104
20523;3;6841;3422;3419
20527;13;1579;796;783
20537;11;1867;939;928
20555;5;4111;2058;2053
20557;61;337;199;138
20561;29;709;369;340
20567;131;157;144;13
20569;67;307;187;120
20571;3;6857;3430;3427
20573;7;2939;1473;1466
20579;13;1583;798;785
20581;11;1871;941;930
20589;3;6863;3433;3430
20591;59;349;204;145
20597;43;479;261;218
20603;11;1873;942;931
20607;3;6869;3436;3433
20609;37;557;297;260
20613;3;6871;3437;3434
20617;53;389;221;168
20621;17;1213;615;598
20623;41;503;272;231
20633;47;439;243;196
20635;5;4127;2066;2061
20645;5;4129;2067;2062
20647;11;1877;944;933
20649;3;6883;3443;3440
20651;107;193;150;43
20653;19;1087;553;534
20659;73;283;178;105
20665;5;4133;2069;2064
20669;11;1879;945;934
20671;7;2953;1480;1473
20687;137;151;144;7
20689;17;1217;617;600
20695;5;4139;2072;2067
20697;3;6899;3451;3448
20699;7;2957;1482;1475
20701;127;163;145;18
20711;139;149;144;5
20721;3;6907;3455;3452
20729;19;1091;555;536
20733;3;6911;3457;3454
20737;89;233;161;72
20741;7;2963;1485;1478
20751;3;6917;3460;3457
20761;13;1597;805;792
20765;5;4153;2079;2074
20767;19;1093;556;537
20777;79;263;171;92
20779;11;1889;950;939
20783;7;2969;1488;1481
20785;5;4157;2081;2076
20791;17;1223;620;603
20795;5;4159;2082;2077
20797;7;2971;1489;1482
20803;71;293;182;111
20813;13;1601;807;794
20819;109;191;150;41
20821;47;443;245;198
20827;59;353;206;147
20831;37;563;300;263
20833;83;251;167;84
20837;67;311;189;122
20841;3;6947;3475;3472
20843;19;1097;558;539
20847;3;6949;3476;3473
20851;29;719;374;345
20861;23;907;465;442
20863;31;673;352;321
20869;41;509;275;234
20877;3;6959;3481;3478
20883;3;6961;3482;3479
20885;5;4177;2091;2086
20891;13;1607;810;797
20893;17;1229;623;606
20901;3;6967;3485;3482
20911;11;1901;956;945
20913;3;6971;3487;3484
20917;13;1609;811;798
20927;17;1231;624;607
20931;3;6977;3490;3487
20941;43;487;265;222
20949;3;6983;3493;3490
20953;23;911;467;444
20957;19;1103;561;542
20969;13;1613;813;800
20971;67;313;190;123
20973;3;6991;3497;3494
20977;11;1907;959;948
20987;31;677;354;323
20989;139;151;145;6
20991;3;6997;3500;3497
20993;7;2999;1503;1496
21003;3;7001;3502;3499
21005;5;4201;2103;2098
21007;7;3001;1504;1497
21029;17;1237;627;610
21037;109;193;151;42
21039;3;7013;3508;3505
21041;53;397;225;172
21043;11;1913;962;951
21047;13;1619;816;803
21053;37;569;303;266
21055;5;4211;2108;2103
21057;3;7019;3511;3508
21071;19;1109;564;545
21073;13;1621;817;804
21077;7;3011;1509;1502
21079;107;197;152;45
21081;3;7027;3515;3512
21083;29;727;378;349
21085;5;4217;2111;2106
21095;5;4219;2112;2107
21103;47;449;248;201
21113;43;491;267;224
21117;3;7039;3521;3518
21127;37;571;304;267
21129;3;7043;3523;3520
21133;7;3019;1513;1506
21137;23;919;471;448
21145;5;4229;2117;2112
21151;13;1627;820;807
21155;5;4231;2118;2113
21161;7;3023;1515;1508
21167;61;347;204;143
21171;3;7057;3530;3527
21173;31;683;357;326
21181;59;359;209;150
21205;5;4241;2123;2118
21207;3;7069;3536;3533
21209;127;167;147;20
21215;5;4243;2124;2119
21223;19;1117;568;549
21233;17;1249;633;616
21237;3;7079;3541;3538
21239;67;317;192;125
21241;11;1931;971;960
21251;79;269;174;95
21253;53;401;227;174
21257;29;733;381;352
21259;7;3037;1522;1515
21263;11;1933;972;961
21265;5;4253;2129;2124
21271;89;239;164;75
21281;13;1637;825;812
21287;7;3041;1524;1517
21289;61;349;205;144
21293;107;199;153;46
21295;5;4259;2132;2127
21305;5;4261;2133;2128
21309;3;7103;3553;3550
21311;101;211;156;55
21327;3;7109;3556;3553
21331;83;257;170;87
21337;19;1123;571;552
21343;7;3049;1528;1521
21349;37;577;307;270
21353;131;163;147;16
21355;5;4271;2138;2133
21361;41;521;281;240
21363;3;7121;3562;3559
21365;5;4273;2139;2134
21367;23;929;476;453
21381;3;7127;3565;3562
21387;3;7129;3566;3563
21389;73;293;183;110
21403;17;1259;638;621
21409;79;271;175;96
21415;5;4283;2144;2139
21421;31;691;361;330
21427;7;3061;1534;1527
21431;29;739;384;355
21439;11;1949;980;969
21443;41;523;282;241
21445;5;4289;2147;2142
21449;89;241;165;76
21451;19;1129;574;555
21453;3;7151;3577;3574
21457;43;499;271;228
21461;11;1951;981;970
21469;7;3067;1537;1530
21473;109;197;153;44
21477;3;7159;3581;3578
21479;47;457;252;205
21485;5;4297;2151;2146
21509;137;157;147;10
21531;3;7177;3590;3587
21533;61;353;207;146
21541;13;1657;835;822
21547;29;743;386;357
21551;23;937;480;457
21553;7;3079;1543;1536
21561;3;7187;3595;3592
21579;3;7193;3598;3595
21581;7;3083;1545;1538
21583;113;191;152;39
21619;13;1663;838;825
21621;3;7207;3605;3602
21623;7;3089;1548;1541
21629;43;503;273;230
21631;97;223;160;63
21633;3;7211;3607;3604
21635;5;4327;2166;2161
21639;3;7213;3608;3605
21643;23;941;482;459
21653;59;367;213;154
21657;3;7219;3611;3608
21667;47;461;254;207
21671;13;1667;840;827
21677;53;409;231;178
21685;5;4337;2171;2166
21687;3;7229;3616;3613
21691;109;199;154;45
21695;5;4339;2172;2167
21697;13;1669;841;828
21703;11;1973;992;981
21709;17;1277;647;630
21711;3;7237;3620;3617
21719;37;587;312;275
21729;3;7243;3623;3620
21731;31;701;366;335
21733;103;211;157;54
21741;3;7247;3625;3622
21743;17;1279;648;631
21745;5;4349;2177;2172
21759;3;7253;3628;3625
21761;47;463;255;208
21763;7;3109;1558;1551
21769;11;1979;995;984
21779;29;751;390;361
21781;23;947;485;462
21785;5;4357;2181;2176
21797;71;307;189;118
21809;113;193;153;40
21811;17;1283;650;633
21815;5;4363;2184;2179
21823;139;157;148;9
21829;83;263;173;90
21833;7;3119;1563;1556
21847;7;3121;1564;1557
21849;3;7283;3643;3640
21857;11;1987;999;988
21865;5;4373;2189;2184
21869;19;1151;585;566
21877;131;167;149;18
21883;79;277;178;99
21887;43;509;276;233
21891;3;7297;3650;3647
21899;61;359;210;149
21907;19;1153;586;567
21913;17;1289;653;636
21919;23;953;488;465
21921;3;7307;3655;3652
21923;11;1993;1002;991
21927;3;7309;3656;3653
21941;37;593;315;278
21947;17;1291;654;637
21949;47;467;257;210
21953;29;757;393;364
21955;5;4391;2198;2193
21959;7;3137;1572;1565
21963;3;7321;3662;3659
21967;11;1997;1004;993
21971;127;173;150;23
21979;31;709;370;339
21985;5;4397;2201;2196
21989;11;1999;1005;994
21993;3;7331;3667;3664
21999;3;7333;3668;3665
22007;59;373;216;157
22009;13;1693;853;840
22019;97;227;162;65
22033;11;2003;1007;996
22045;5;4409;2207;2202
22047;3;7349;3676;3673
22049;17;1297;657;640
22053;3;7351;3677;3674
22061;13;1697;855;842
22069;29;761;395;366
22081;71;311;191;120
22087;13;1699;856;843
22097;19;1163;591;572
22105;5;4421;2213;2208
22107;3;7369;3686;3683
22115;5;4423;2214;2209
22117;17;1301;659;642
22121;11;2011;1011;1000
22141;7;3163;1585;1578
22151;17;1303;660;643
22163;37;599;318;281
22169;7;3167;1587;1580
22177;67;331;199;132
22179;3;7393;3698;3695
22181;41;541;291;250
22183;7;3169;1588;1581
22187;11;2017;1014;1003
22199;79;281;180;101
22201;149;149;149;0
22205;5;4441;2223;2218
22207;53;419;236;183
22213;97;229;163;66
22217;13;1709;861;848
22219;17;1307;662;645
22223;71;313;192;121
22233;3;7411;3707;3704
22235;5;4447;2226;2221
22237;37;601;319;282
22241;23;967;495;472
22249;19;1171;595;576
22251;3;7417;3710;3707
22255;5;4451;2228;2223
22261;113;197;155;42
22267;7;3181;1594;1587
22285;5;4457;2231;2226
22289;31;719;375;344
22297;11;2027;1019;1008
22299;3;7433;3718;3715
22301;29;769;399;370
22309;7;3187;1597;1590
22313;53;421;237;184
22315;5;4463;2234;2229
22319;11;2029;1020;1009
22327;83;269;176;93
22331;137;163;150;13
22333;23;971;497;474
22337;7;3191;1599;1592
22339;89;251;170;81
22353;3;7451;3727;3724
22357;79;283;181;102
22361;59;379;219;160
22371;3;7457;3730;3727
22373;13;1721;867;854
22377;3;7459;3731;3728
22387;61;367;214;153
22399;13;1723;868;855
22403;43;521;282;239
22405;5;4481;2243;2238
22411;73;307;190;117
22415;5;4483;2244;2239
22417;29;773;401;372
22421;7;3203;1605;1598
22423;17;1319;668;651
22427;41;547;294;253
22429;11;2039;1025;1014
22431;3;7477;3740;3737
22439;19;1181;600;581
22443;3;7481;3742;3739
22457;17;1321;669;652
22459;37;607;322;285
22461;3;7487;3745;3742
22463;7;3209;1608;1601
22465;5;4493;2249;2244
22467;3;7489;3746;3743
22471;23;977;500;477
22487;113;199;156;43
22489;43;523;283;240
22493;83;271;177;94
22497;3;7499;3751;3748
22499;149;151;150;1
22507;71;317;194;123
22513;47;479;263;216
22519;7;3217;1612;1605
22521;3;7507;3755;3752
22523;101;223;162;61
22529;13;1733;873;860
22535;5;4507;2256;2251
22537;31;727;379;348
22547;7;3221;1614;1607
22551;3;7517;3760;3757
22553;19;1187;603;584
22559;17;1327;672;655
22565;5;4513;2259;2254
22569;3;7523;3763;3760
22577;107;211;159;52
22579;67;337;202;135
22583;11;2053;1032;1021
22585;5;4517;2261;2256
22587;3;7529;3766;3763
22595;5;4519;2262;2257
22597;59;383;221;162
22601;97;233;165;68
22603;7;3229;1618;1611
22609;23;983;503;480
22611;3;7537;3770;3767
22615;5;4523;2264;2259
22623;3;7541;3772;3769
22633;13;1741;877;864
22641;3;7547;3775;3772
22647;3;7549;3776;3773
22657;139;163;151;12
22663;131;173;152;21
22667;19;1193;606;587
22677;3;7559;3781;3778
22681;37;613;325;288
22683;3;7561;3782;3779
22693;11;2063;1037;1026
22703;73;311;192;119
22711;13;1747;880;867
22719;3;7573;3788;3785
22723;31;733;382;351
22731;3;7577;3790;3787
22733;127;179;153;26
22735;5;4547;2276;2271
22745;5;4549;2277;2272
22749;3;7583;3793;3790
22753;61;373;217;156
22757;7;3251;1629;1622
22759;11;2069;1040;1029
22767;3;7589;3796;3793
22771;7;3253;1630;1623
22773;3;7591;3797;3794
22789;13;1753;883;870
22793;23;991;507;484
22799;7;3257;1632;1625
22801;151;151;151;0
22805;5;4561;2283;2278
22809;3;7603;3803;3800
22813;7;3259;1633;1626
22819;19;1201;610;591
22821;3;7607;3805;3802
22823;29;787;408;379
22829;37;617;327;290
22835;5;4567;2286;2281
22837;41;557;299;258
22843;53;431;242;189
22849;73;313;193;120
22863;3;7621;3812;3809
22867;13;1759;886;873
22873;89;257;173;84
22879;137;167;152;15
22889;47;487;267;220
22891;11;2081;1046;1035
22897;7;3271;1639;1632
22903;37;619;328;291
22909;31;739;385;354
22913;11;2083;1047;1036
22915;5;4583;2294;2289
22917;3;7639;3821;3818
22927;101;227;164;63
22929;3;7643;3823;3820
22931;23;997;510;487
22947;3;7649;3826;3823
22949;53;433;243;190
22951;59;389;224;165
22955;5;4591;2298;2293
22957;11;2087;1049;1038
22969;103;223;163;60
22979;11;2089;1050;1039
22985;5;4597;2301;2296
22987;127;181;154;27
22991;83;277;180;97
22999;109;211;160;51
23007;3;7669;3836;3833
23015;5;4603;2304;2299
23019;3;7673;3838;3835
23033;31;743;387;356
23043;3;7681;3842;3839
23047;19;1213;616;597
23061;3;7687;3845;3842
23073;3;7691;3847;3844
23077;47;491;269;222
23083;41;563;302;261
23089;11;2099;1055;1044
23093;7;3299;1653;1646
23097;3;7699;3851;3848
23101;13;1777;895;882
23105;5;4621;2313;2308
23107;7;3301;1654;1647
23109;3;7703;3853;3850
23113;29;797;413;384
23119;61;379;220;159
23123;19;1217;618;599
23129;101;229;165;64
23137;17;1361;689;672
23141;73;317;195;122
23147;79;293;186;107
23149;7;3307;1657;1650
23151;3;7717;3860;3857
23169;3;7723;3863;3860
23179;13;1783;898;885
23181;3;7727;3865;3862
23183;97;239;168;71
23185;5;4637;2321;2316
23191;7;3313;1660;1653
23195;5;4639;2322;2317
23207;23;1009;516;493
23213;139;167;153;14
23215;5;4643;2324;2319
23221;11;2111;1061;1050
23223;3;7741;3872;3869
23231;13;1787;900;887
23233;7;3319;1663;1656
23237;19;1223;621;602
23239;17;1367;692;675
23243;11;2113;1062;1051
23245;5;4649;2327;2322
23249;67;347;207;140
23255;5;4651;2328;2323
23257;13;1789;901;888
23259;3;7753;3878;3875
23261;7;3323;1665;1658
23263;43;541;292;249
23267;53;439;246;193
23271;3;7757;3880;3877
23277;3;7759;3881;3878
23281;31;751;391;360
23285;5;4657;2331;2326
23299;23;1013;518;495
23303;7;3329;1668;1661
23315;5;4663;2334;2329
23317;7;3331;1669;1662
23323;83;281;182;99
23329;41;569;305;264
23341;17;1373;695;678
23347;37;631;334;297
23351;19;1229;624;605
23363;61;383;222;161
23365;5;4673;2339;2334
23367;3;7789;3896;3893
23377;97;241;169;72
23379;3;7793;3898;3895
23381;103;227;165;62
23383;67;349;208;141
23389;19;1231;625;606
23393;149;157;153;4
23395;5;4679;2342;2337
23401;7;3343;1675;1668
23407;89;263;176;87
23411;41;571;306;265
23413;13;1801;907;894
23419;11;2129;1070;1059
23423;59;397;228;169
23429;7;3347;1677;1670
23437;23;1019;521;498
23441;11;2131;1071;1060
23449;131;179;155;24
23451;3;7817;3910;3907
23453;47;499;273;226
23455;5;4691;2348;2343
23461;29;809;419;390
23467;31;757;394;363
23469;3;7823;3913;3910
23477;17;1381;699;682
23479;53;443;248;195
23483;23;1021;522;499
23487;3;7829;3916;3913
23489;83;283;183;100
23501;71;331;201;130
23503;19;1237;628;609
23507;11;2137;1074;1063
23513;7;3359;1683;1676
23515;5;4703;2354;2349
23519;29;811;420;391
23521;43;547;295;252
23523;3;7841;3922;3919
23527;7;3361;1684;1677
23533;101;233;167;66
23543;13;1811;912;899
23551;11;2141;1076;1065
23559;3;7853;3928;3925
23573;11;2143;1077;1066
23587;103;229;166;63
23591;31;761;396;365
23597;7;3371;1689;1682
23601;3;7867;3935;3932
23605;5;4721;2363;2358
23611;7;3373;1690;1683
23615;5;4723;2364;2359
23619;3;7873;3938;3935
23631;3;7877;3940;3937
23637;3;7879;3941;3938
23641;47;503;275;228
23645;5;4729;2367;2362
23649;3;7883;3943;3940
23651;67;353;210;143
23657;41;577;309;268
23659;59;401;230;171
23665;5;4733;2369;2364
23683;11;2153;1082;1071
23699;13;1823;918;905
23701;137;173;155;18
23703;3;7901;3952;3949
23707;151;157;154;3
23711;131;181;156;25
23713;23;1031;527;504
23717;37;641;339;302
23721;3;7907;3955;3952
23723;7;3389;1698;1691
23729;61;389;225;164
23731;19;1249;634;615
23737;7;3391;1699;1692
23755;5;4751;2378;2373
23757;3;7919;3961;3958
23759;23;1033;528;505
23771;11;2161;1086;1075
23781;3;7927;3965;3962
23783;17;1399;708;691
23791;37;643;340;303
23795;5;4759;2382;2377
23797;53;449;251;198
23799;3;7933;3968;3965
23803;13;1831;922;909
23809;29;821;425;396
23811;3;7937;3970;3967
23839;31;769;400;369
23843;113;211;162;49
23847;3;7949;3976;3973
23849;7;3407;1707;1700
23853;3;7951;3977;3974
23861;107;223;165;58
23867;29;823;426;397
23889;3;7963;3983;3980
23891;7;3413;1710;1703
23897;23;1039;531;508
23915;5;4783;2394;2389
23921;19;1259;639;620
23923;47;509;278;231
23927;71;337;204;133
23935;5;4787;2396;2391
23939;37;647;342;305
23941;89;269;179;90
23945;5;4789;2397;2392
23951;43;557;300;257
23953;17;1409;713;696
23963;31;773;402;371
23965;5;4793;2399;2394
23969;11;2179;1095;1084
23979;3;7993;3998;3995
23983;29;827;428;399
23995;5;4799;2402;2397
23999;103;233;168;65
24005;5;4801;2403;2398
24011;13;1847;930;917
24027;3;8009;4006;4003
24031;7;3433;1720;1713
24033;3;8011;4007;4004
24041;29;829;429;400
24047;139;173;156;17
24051;3;8017;4010;4007
24053;67;359;213;146
24065;5;4813;2409;2404
24067;41;587;314;273
24085;5;4817;2411;2406
24117;3;8039;4021;4018
24119;89;271;180;91
24127;23;1049;536;513
24131;59;409;234;175
24139;101;239;170;69
24143;7;3449;1728;1721
24155;5;4831;2418;2413
24159;3;8053;4028;4025
24161;37;653;345;308
24163;73;331;202;129
24173;23;1051;537;514
24177;3;8059;4031;4028
24191;17;1423;720;703
24193;13;1861;937;924
24199;7;3457;1732;1725
24207;3;8069;4036;4033
24209;43;563;303;260
24217;61;397;229;168
24221;53;457;255;202
24227;7;3461;1734;1727
24233;11;2203;1107;1096
24241;7;3463;1735;1728
24243;3;8081;4042;4039
24253;79;307;193;114
24257;127;191;159;32
24259;17;1427;722;705
24261;3;8087;4045;4042
24263;19;1277;648;629
24267;3;8089;4046;4043
24269;7;3467;1737;1730
24271;13;1867;940;927
24277;11;2207;1109;1098
24279;3;8093;4048;4045
24283;7;3469;1738;1731
24287;149;163;156;7
24289;107;227;167;60
24293;17;1429;723;706
24301;19;1279;649;630
24303;3;8101;4052;4049
24305;5;4861;2433;2428
24307;109;223;166;57
24313;41;593;317;276
24319;83;293;188;105
24323;13;1871;942;929
24331;29;839;434;405
24333;3;8111;4057;4054
24341;101;241;171;70
24343;11;2213;1112;1101
24347;97;251;174;77
24349;13;1873;943;930
24351;3;8117;4060;4057
24355;5;4871;2438;2433
24361;17;1433;725;708
24369;3;8123;4063;4060
24377;19;1283;651;632
24383;37;659;348;311
24385;5;4877;2441;2436
24397;31;787;409;378
24401;13;1877;945;932
24403;23;1061;542;519
24427;13;1879;946;933
24431;11;2221;1116;1105
24433;53;461;257;204
24437;7;3491;1749;1742
24441;3;8147;4075;4072
24445;5;4889;2447;2442
24449;23;1063;543;520
24457;37;661;349;312
24461;61;401;231;170
24463;17;1439;728;711
24467;43;569;306;263
24483;3;8161;4082;4079
24487;47;521;284;237
24491;19;1289;654;635
24493;7;3499;1753;1746
24501;3;8167;4085;4082
24503;107;229;168;61
24511;127;193;160;33
24513;3;8171;4087;4084
24515;5;4903;2454;2449
24523;137;179;158;21
24529;19;1291;655;636
24537;3;8179;4091;4088
24539;53;463;258;205
24545;5;4909;2457;2452
24553;43;571;307;264
24557;13;1889;951;938
24559;41;599;320;279
24569;79;311;195;116
24573;3;8191;4097;4094
24577;7;3511;1759;1752
24581;47;523;285;238
24587;23;1069;546;523
24589;67;367;217;150
24595;5;4919;2462;2457
24599;17;1447;732;715
24601;73;337;205;132
24607;11;2237;1124;1113
24613;151;163;157;6
24617;103;239;171;68
24619;7;3517;1762;1755
24627;3;8209;4106;4103
24629;11;2239;1125;1114
24637;71;347;209;138
24641;41;601;321;280
24643;19;1297;658;639
24649;157;157;157;0
24653;89;277;183;94
24655;5;4931;2468;2463
24657;3;8219;4111;4108
24663;3;8221;4112;4109
24665;5;4933;2469;2464
24667;17;1451;734;717
24673;11;2243;1127;1116
24685;5;4937;2471;2466
24689;7;3527;1767;1760
24693;3;8231;4117;4114
24699;3;8233;4118;4115
24701;17;1453;735;718
24703;7;3529;1768;1761
24707;31;797;414;383
24711;3;8237;4120;4117
24713;13;1901;957;944
24715;5;4943;2474;2469
24719;19;1301;660;641
24721;59;419;239;180
24727;79;313;196;117
24729;3;8243;4123;4120
24731;7;3533;1770;1763
24737;29;853;441;412
24743;109;227;168;59
24751;53;467;260;207
24755;5;4951;2478;2473
24757;19;1303;661;642
24761;11;2251;1131;1120
24773;7;3539;1773;1766
24779;71;349;210;139
24785;5;4957;2481;2476
24787;7;3541;1774;1767
24789;3;8263;4133;4130
24791;13;1907;960;947
24797;137;181;159;22
24803;17;1459;738;721
24807;3;8269;4136;4133
24811;43;577;310;267
24819;3;8273;4138;4135
24823;103;241;172;69
24829;7;3547;1777;1770
24833;19;1307;663;644
24835;5;4967;2486;2481
24839;59;421;240;181
24845;5;4969;2487;2482
24853;29;857;443;414
24861;3;8287;4145;4142
24865;5;4973;2489;2484
24869;13;1913;963;950
24873;3;8291;4147;4144
24879;3;8293;4148;4145
24881;139;179;159;20
24883;149;167;158;9
24887;41;607;324;283
24891;3;8297;4150;4147
24899;7;3557;1782;1775
24901;37;673;355;318
24911;29;859;444;415
24913;7;3559;1783;1776
24929;97;257;177;80
24931;107;233;170;63
24933;3;8311;4157;4154
24935;5;4987;2496;2491
24937;11;2267;1139;1128
24949;61;409;235;174
24951;3;8317;4160;4157
24959;11;2269;1140;1129
24961;109;229;169;60
24965;5;4993;2499;2494
24987;3;8329;4166;4163
24991;67;373;220;153
24995;5;4999;2502;2497
24997;7;3571;1789;1782
25001;23;1087;555;532
25003;11;2273;1142;1131
25007;17;1471;744;727
25009;89;281;185;96
25015;5;5003;2504;2499
25019;127;197;162;35
25021;131;191;161;30
25027;29;863;446;417
25043;79;317;198;119
25045;5;5009;2507;2502
25049;37;677;357;320
25055;5;5011;2508;2503
25059;3;8353;4178;4175
25061;19;1319;669;650
25063;71;353;212;141
25067;7;3581;1794;1787
25079;31;809;420;389
25081;7;3583;1795;1788
25089;3;8363;4183;4180
25091;11;2281;1146;1135
25093;23;1091;557;534
25099;19;1321;670;651
25103;13;1931;972;959
25105;5;5021;2513;2508
25107;3;8369;4186;4183
25115;5;5023;2514;2509
25129;13;1933;973;960
25131;3;8377;4190;4187
25133;41;613;327;286
25139;23;1093;558;535
25141;31;811;421;390
25151;7;3593;1800;1793
25157;11;2287;1149;1138
25159;139;181;160;21
25161;3;8387;4195;4192
25167;3;8389;4196;4193
25177;17;1481;749;732
25187;89;283;186;97
25195;5;5039;2522;2517
25199;113;223;168;55
25211;17;1483;750;733
25213;19;1327;673;654
25217;151;167;159;8
25223;11;2293;1152;1141
25231;23;1097;560;537
25241;43;587;315;272
25249;7;3607;1807;1800
25255;5;5051;2528;2523
25257;3;8419;4211;4208
25267;11;2297;1154;1143
25269;3;8423;4213;4210
25271;37;683;360;323
25273;127;199;163;36
25279;17;1487;752;735
25283;131;193;162;31
25287;3;8429;4216;4213
25291;7;3613;1810;1803
25293;3;8431;4217;4214
25295;5;5059;2532;2527
25297;41;617;329;288
25313;17;1489;753;736
25319;7;3617;1812;1805
25329;3;8443;4223;4220
25331;73;347;210;137
25337;13;1949;981;968
25341;3;8447;4225;4222
25351;101;251;176;75
25361;7;3623;1815;1808
25363;13;1951;982;969
25369;23;1103;563;540
25379;41;619;330;289
25381;17;1493;755;738
25383;3;8461;4232;4229
25385;5;5077;2541;2536
25387;53;479;266;213
25393;67;379;223;156
25397;109;233;171;62
25399;11;2309;1160;1149
25401;3;8467;4235;4232
25405;5;5081;2543;2538
25417;7;3631;1819;1812
25421;11;2311;1161;1150
25427;47;541;294;247
25429;59;431;245;186
25433;29;877;453;424
25435;5;5087;2546;2541
25451;31;821;426;395
25459;7;3637;1822;1815
25477;73;349;211;138
25481;83;307;195;112
25483;17;1499;758;741
25489;71;359;215;144
25495;5;5099;2552;2547
25499;43;593;318;275
25501;7;3643;1825;1818
25503;3;8501;4252;4249
25505;5;5101;2553;2548
25507;23;1109;566;543
25511;97;263;180;83
25513;31;823;427;396
25535;5;5107;2556;2551
25539;3;8513;4258;4255
25547;59;433;246;187
25549;29;881;455;426
25559;61;419;240;179
25563;3;8521;4262;4259
25565;5;5113;2559;2554
25567;37;691;364;327
25573;107;239;173;66
25581;3;8527;4265;4262
25591;157;163;160;3
25595;5;5119;2562;2557
25607;29;883;456;427
25611;3;8537;4270;4267
25613;7;3659;1833;1826
25617;3;8539;4271;4268
25629;3;8543;4273;4270
25637;31;827;429;398
25649;13;1973;993;980
25651;113;227;170;57
25661;67;383;225;158
25663;11;2333;1172;1161
25681;61;421;241;180
25687;17;1511;764;747
25689;3;8563;4283;4280
25691;23;1117;570;547
25697;7;3671;1839;1832
25699;31;829;430;399
25709;47;547;297;250
25711;7;3673;1840;1833
25719;3;8573;4288;4285
25723;29;887;458;429
25727;13;1979;996;983
25729;11;2339;1175;1164
25735;5;5147;2576;2571
25739;7;3677;1842;1835
25743;3;8581;4292;4289
25751;11;2341;1176;1165
25757;43;599;321;278
25765;5;5153;2579;2574
25769;73;353;213;140
25777;149;173;161;12
25787;107;241;174;67
25791;3;8597;4300;4297
25797;3;8599;4301;4298
25807;131;197;164;33
25811;53;487;270;217
25813;83;311;197;114
25817;11;2347;1179;1168
25827;3;8609;4306;4303
25829;23;1123;573;550
25831;13;1987;1000;987
25835;5;5167;2586;2581
25837;7;3691;1849;1842
25843;43;601;322;279
25853;103;251;177;74
25855;5;5171;2588;2583
25859;19;1361;690;671
25861;11;2351;1181;1170
25869;3;8623;4313;4310
25871;41;631;336;295
25877;113;229;171;58
25879;7;3697;1852;1845
25881;3;8627;4315;4312
25887;3;8629;4316;4313
25891;17;1523;770;753
25895;5;5179;2592;2587
25901;59;439;249;190
25907;7;3701;1854;1847
25909;13;1993;1003;990
25923;3;8641;4322;4319
25927;11;2357;1184;1173
25937;37;701;369;332
25941;3;8647;4325;4322
25945;5;5189;2597;2592
25957;101;257;179;78
25961;13;1997;1005;992
25963;7;3709;1858;1851
25967;23;1129;576;553
25973;19;1367;693;674
25979;83;313;198;115
25985;5;5197;2601;2596
25987;13;1999;1006;993
25989;3;8663;4333;4330
26007;3;8669;4336;4333
26009;31;839;435;404
26023;53;491;272;219
26027;17;1531;774;757
26031;3;8677;4340;4337
26033;7;3719;1863;1856
26039;13;2003;1008;995
26043;3;8681;4342;4339
26045;5;5209;2607;2602
26051;109;239;174;65
26057;71;367;219;148
26063;67;389;228;161
26067;3;8689;4346;4343
26069;131;199;165;34
26077;89;293;191;102
26079;3;8693;4348;4345
26081;11;2371;1191;1180
26087;19;1373;696;677
26089;7;3727;1867;1860
26093;97;269;183;86
26097;3;8699;4351;4348
26101;43;607;325;282
26121;3;8707;4355;4352
26123;151;173;162;11
26131;7;3733;1870;1863
26135;5;5227;2616;2611
26137;59;443;251;192
26139;3;8713;4358;4355
26143;13;2011;1012;999
26147;11;2377;1194;1183
26149;79;331;205;126
26155;5;5231;2618;2613
26157;3;8719;4361;4358
26165;5;5233;2619;2614
26167;137;191;164;27
26173;7;3739;1873;1866
26179;47;557;302;255
26185;5;5237;2621;2616
26191;11;2381;1196;1185
26193;3;8731;4367;4364
26207;73;359;216;143
26211;3;8737;4370;4367
26213;11;2383;1197;1186
26219;157;167;162;5
26221;13;2017;1015;1002
26223;3;8741;4372;4369
26231;17;1543;780;763
26233;37;709;373;336
26239;19;1381;700;681
26241;3;8747;4375;4372
26259;3;8753;4378;4375
26269;109;241;175;66
26279;11;2389;1200;1189
26281;41;641;341;300
26283;3;8761;4382;4379
26287;97;271;184;87
26291;61;431;246;185
26303;29;907;468;439
26305;5;5261;2633;2628
26311;83;317;200;117
26323;11;2393;1202;1191
26327;7;3761;1884;1877
26329;113;233;173;60
26333;17;1549;783;766
26337;3;8779;4391;4388
26349;3;8783;4393;4390
26351;13;2027;1020;1007
26359;43;613;328;285
26363;41;643;342;301
26365;5;5273;2639;2634
26369;7;3767;1887;1880
26377;13;2029;1021;1008
26383;7;3769;1888;1881
26389;11;2399;1205;1194
26395;5;5279;2642;2637
26401;17;1553;785;768
26405;5;5281;2643;2638
26409;3;8803;4403;4400
26413;61;433;247;186
26419;29;911;470;441
26421;3;8807;4405;4402
26441;137;193;165;28
26443;31;853;442;411
26447;53;499;276;223
26453;7;3779;1893;1886
26457;3;8819;4411;4408
26461;47;563;305;258
26463;3;8821;4412;4409
26471;103;257;180;77
26473;23;1151;587;564
26483;71;373;222;151
26485;5;5297;2651;2646
26491;59;449;254;195
26493;3;8831;4417;4414
26503;17;1559;788;771
26507;13;2039;1026;1013
26511;3;8837;4420;4417
26515;5;5303;2654;2649
26517;3;8839;4421;4418
26519;23;1153;588;565
26521;11;2411;1211;1200
26527;41;647;344;303
26531;43;617;330;287
26545;5;5309;2657;2652
26547;3;8849;4426;4423
26549;139;191;165;26
26551;7;3793;1900;1893
26563;101;263;182;81
26567;31;857;444;413
26569;163;163;163;0
26579;7;3797;1902;1895
26581;19;1399;709;690
26583;3;8861;4432;4429
26587;11;2417;1214;1203
26589;3;8863;4433;4430
26599;67;397;232;165
26601;3;8867;4435;4432
26603;37;719;378;341
26615;5;5323;2664;2659
26617;43;619;331;288
26621;7;3803;1905;1898
26623;79;337;208;129
26629;31;859;445;414
26639;17;1567;792;775
26651;29;919;474;445
26653;11;2423;1217;1206
26659;53;503;278;225
26661;3;8887;4445;4442
26665;5;5333;2669;2664
26671;149;179;164;15
26679;3;8893;4448;4445
26689;13;2053;1033;1020
26707;17;1571;794;777
26735;5;5347;2676;2671
26743;47;569;308;261
26747;7;3821;1914;1907
26749;23;1163;593;570
26753;31;863;447;416
26755;5;5351;2678;2673
26761;7;3823;1915;1908
26769;3;8923;4463;4460
26771;19;1409;714;695
26773;41;653;347;306
26779;61;439;250;189
26787;3;8929;4466;4463
26791;73;367;220;147
26797;127;211;169;42
26799;3;8933;4468;4465
26807;11;2437;1224;1213
26819;13;2063;1038;1025
26823;3;8941;4472;4469
26827;139;193;166;27
26831;7;3833;1920;1913
26837;47;571;309;262
26843;17;1579;798;781
26851;11;2441;1226;1215
26853;3;8951;4477;4474
26857;107;251;179;72
26867;67;401;234;167
26869;97;277;187;90
26889;3;8963;4483;4480
26897;13;2069;1041;1028
26899;37;727;382;345
26905;5;5381;2693;2688
26907;3;8969;4486;4483
26909;71;379;225;154
26911;17;1583;800;783
26913;3;8971;4487;4484
26917;11;2447;1229;1218
26929;7;3847;1927;1920
26933;23;1171;597;574
26935;5;5387;2696;2691
26941;29;929;479;450
26957;7;3851;1929;1922
26963;59;457;258;199
26965;5;5393;2699;2694
26969;149;181;165;16
26971;7;3853;1930;1923
26977;53;509;281;228
26989;137;197;167;30
26995;5;5399;2702;2697
26997;3;8999;4501;4498
27003;3;9001;4502;4499
27007;113;239;176;63
27019;41;659;350;309
27021;3;9007;4505;4502
27023;61;443;252;191
27029;151;179;165;14
27033;3;9011;4507;4504
27035;5;5407;2706;2701
27037;19;1423;721;702
27039;3;9013;4508;4505
27041;7;3863;1935;1928
27049;11;2459;1235;1224
27053;13;2081;1047;1034
27065;5;5413;2709;2704
27079;13;2083;1048;1035
27085;5;5417;2711;2706
27087;3;9029;4516;4513
27089;103;263;183;80
27095;5;5419;2712;2707
27101;41;661;351;310
27113;19;1427;723;704
27119;47;577;312;265
27121;37;733;385;348
27123;3;9041;4522;4519
27129;3;9043;4523;4520
27131;13;2087;1050;1037
27133;43;631;337;294
27137;11;2467;1239;1228
27139;7;3877;1942;1935
27147;3;9049;4526;4523
27149;17;1597;807;790
27151;19;1429;724;705
27155;5;5431;2718;2713
27157;13;2089;1051;1038
27161;157;173;165;8
27163;23;1181;602;579
27167;7;3881;1944;1937
27169;101;269;185;84
27173;29;937;483;454
27177;3;9059;4531;4528
27185;5;5437;2721;2716
27187;31;877;454;423
27193;71;383;227;156
27199;59;461;260;201
27201;3;9067;4535;4532
27203;11;2473;1242;1231
27205;5;5441;2723;2718
27215;5;5443;2724;2719
27217;17;1601;809;792
27221;163;167;165;2
27223;7;3889;1948;1941
27227;19;1433;726;707
27229;73;373;223;150
27233;113;241;177;64
27245;5;5449;2727;2722
27247;11;2477;1244;1233
27257;97;281;189;92
27263;137;199;168;31
27273;3;9091;4547;4544
27287;13;2099;1056;1043
27289;29;941;485;456
27301;23;1187;605;582
27309;3;9103;4553;4550
27311;31;881;456;425
27317;59;463;261;202
27319;17;1607;812;795
27323;89;307;198;109
27327;3;9109;4556;4553
27331;151;181;166;15
27341;19;1439;729;710
27343;37;739;388;351
27349;7;3907;1957;1950
27353;17;1609;813;796
27355;5;5471;2738;2733
27359;109;251;180;71
27371;101;271;186;85
27373;31;883;457;426
27377;7;3911;1959;1952
27381;3;9127;4565;4562
27383;139;197;168;29
27385;5;5477;2741;2736
27389;61;449;255;194
27395;5;5479;2742;2737
27399;3;9133;4568;4565
27403;67;409;238;171
27411;3;9137;4570;4567
27413;79;347;213;134
27415;5;5483;2744;2739
27419;7;3917;1962;1955
27421;17;1613;815;798
27433;7;3919;1963;1956
27439;23;1193;608;585
27443;13;2111;1062;1049
27451;97;283;190;93
27453;3;9151;4577;4574
27461;7;3923;1965;1958
27463;29;947;488;459
27469;13;2113;1063;1050
27471;3;9157;4580;4577
27473;83;331;207;124
27483;3;9161;4582;4579
27491;37;743;390;353
27493;19;1447;733;714
27497;31;887;459;428
27499;107;257;182;75
27503;7;3929;1968;1961
27505;5;5501;2753;2748
27515;5;5503;2754;2749
27517;7;3931;1969;1962
27519;3;9173;4588;4585
27523;17;1619;818;801
27533;11;2503;1257;1246
27535;5;5507;2756;2751
27543;3;9181;4592;4589
27553;59;467;263;204
27557;17;1621;819;802
27561;3;9187;4595;4592
27563;43;641;342;299
27569;19;1451;735;716
27571;79;349;214;135
27589;47;587;317;270
27593;41;673;357;316
27595;5;5519;2762;2757
27597;3;9199;4601;4598
27601;7;3943;1975;1968
27605;5;5521;2763;2758
27607;19;1453;736;717
27609;3;9203;4603;4600
27613;53;521;287;234
27619;71;389;230;159
27623;23;1201;612;589
27627;3;9209;4606;4603
27629;7;3947;1977;1970
27635;5;5527;2766;2761
27637;29;953;491;462
27641;131;211;171;40
27649;43;643;343;300
27655;5;5531;2768;2763
27659;17;1627;822;805
27661;139;199;169;30
27663;3;9221;4612;4609
27667;73;379;226;153
27677;13;2129;1071;1058
27679;89;311;200;111
27681;3;9227;4615;4612
27703;13;2131;1072;1059
27707;103;269;186;83
27717;3;9239;4621;4618
27719;53;523;288;235
27721;19;1459;739;720
27723;3;9241;4622;4619
27731;11;2521;1266;1255
27757;41;677;359;318
27769;7;3967;1987;1980
27771;3;9257;4630;4627
27781;13;2137;1075;1062
27785;5;5557;2781;2776
27787;37;751;394;357
27815;5;5563;2784;2779
27821;43;647;345;302
27829;17;1637;827;810
27831;3;9277;4640;4637
27833;13;2141;1077;1064
27841;11;2531;1271;1260
27843;3;9281;4642;4639
27845;5;5569;2787;2782
27849;3;9283;4643;4640
27857;89;313;201;112
27859;13;2143;1078;1065
27865;5;5573;2789;2784
27871;47;593;320;273
27877;61;457;259;198
27879;3;9293;4648;4645
27887;79;353;216;137
27889;167;167;167;0
27899;23;1213;618;595
27905;5;5581;2793;2788
27913;103;271;187;84
27923;7;3989;1998;1991
27929;11;2539;1275;1264
27933;3;9311;4657;4654
27949;19;1471;745;726
27955;5;5591;2798;2793
27957;3;9319;4661;4658
27959;73;383;228;155
27969;3;9323;4663;4660
27971;83;337;210;127
27973;11;2543;1277;1266
27977;101;277;189;88
27989;13;2153;1083;1070
27991;23;1217;620;597
28003;41;683;362;321
28007;7;4001;2004;1997
28009;37;757;397;360
28011;3;9337;4670;4667
28013;109;257;183;74
28021;7;4003;2005;1998
28023;3;9341;4672;4669
28029;3;9343;4673;4670
28039;11;2549;1280;1269
28043;29;967;498;469
28047;3;9349;4676;4673
28049;7;4007;2007;2000
28061;11;2551;1281;1270
28073;67;419;243;176
28079;43;653;348;305
28091;7;4013;2010;2003
28093;13;2161;1087;1074
28103;157;179;168;11
28113;3;9371;4687;4684
28115;5;5623;2814;2809
28117;31;907;469;438
28121;61;461;261;200
28127;11;2557;1284;1273
28129;23;1223;623;600
28131;3;9377;4690;4687
28133;7;4019;2013;2006
28139;19;1481;750;731
28141;107;263;185;78
28147;7;4021;2014;2007
28153;47;599;323;276
28157;37;761;399;362
28159;29;971;500;471
28169;17;1657;837;820
28173;3;9391;4697;4694
28177;19;1483;751;732
28187;71;397;234;163
28189;7;4027;2017;2010
28191;3;9397;4700;4697
28195;5;5639;2822;2817
28199;163;173;168;5
28205;5;5641;2823;2818
28207;67;421;244;177
28209;3;9403;4703;4700
28213;89;317;203;114
28235;5;5647;2826;2821
28239;3;9413;4708;4705
28241;31;911;471;440
28243;61;463;262;201
28247;47;601;324;277
28253;19;1487;753;734
28255;5;5651;2828;2823
28257;3;9419;4711;4708
28261;59;479;269;210
28263;3;9421;4712;4709
28265;5;5653;2829;2824
28267;23;1229;626;603
28271;17;1663;840;823
28285;5;5657;2831;2826
28291;19;1489;754;735
28293;3;9431;4717;4714
28295;5;5659;2832;2827
28299;3;9433;4718;4715
28311;3;9437;4720;4717
28313;23;1231;627;604
28317;3;9439;4721;4718
28321;127;223;175;48
28327;13;2179;1096;1083
28331;41;691;366;325
28333;29;977;503;474
28337;43;659;351;308
28339;17;1667;842;825
28343;7;4049;2028;2021
28345;5;5669;2837;2832
28357;7;4051;2029;2022
28361;79;359;219;140
28363;113;251;182;69
28367;19;1493;756;737
28369;11;2579;1295;1284
28373;17;1669;843;826
28381;101;281;191;90
28383;3;9461;4732;4729
28389;3;9463;4733;4730
28397;73;389;231;158
28399;7;4057;2032;2025
28401;3;9467;4735;4732
28415;5;5683;2844;2839
28417;157;181;169;12
28419;3;9473;4738;4735
28421;97;293;195;98
28423;43;661;352;309
28437;3;9479;4741;4738
28445;5;5689;2847;2842
28451;23;1237;630;607
28453;37;769;403;366
28459;149;191;170;21
28465;5;5693;2849;2844
28471;71;401;236;165
28473;3;9491;4747;4744
28481;19;1499;759;740
28487;61;467;264;203
28489;31;919;475;444
28491;3;9497;4750;4747
28501;11;2591;1301;1290
28505;5;5701;2853;2848
28507;29;983;506;477
28511;7;4073;2040;2033
28523;11;2593;1302;1291
28529;47;607;327;280
28531;103;277;190;87
28533;3;9511;4757;4754
28553;7;4079;2043;2036
28555;5;5711;2858;2853
28563;3;9521;4762;4759
28583;101;283;192;91
28585;5;5717;2861;2856
28599;3;9533;4768;4765
28601;37;773;405;368
28617;3;9539;4771;4768
28637;7;4091;2049;2042
28639;13;2203;1108;1095
28641;3;9547;4775;4772
28651;7;4093;2050;2043
28653;3;9551;4777;4774
28667;109;263;186;77
28673;53;541;297;244
28685;5;5737;2871;2866
28691;13;2207;1110;1097
28693;7;4099;2053;2046
28699;11;2609;1310;1299
28705;5;5741;2873;2868
28709;19;1511;765;746
28715;5;5743;2874;2869
28727;23;1249;636;613
28733;59;487;273;214
28739;29;991;510;481
28741;41;701;371;330
28745;5;5749;2877;2872
28757;149;193;171;22
28761;3;9587;4795;4792
28769;13;2213;1113;1100
28777;7;4111;2059;2052
28781;17;1693;855;838
28783;107;269;188;81
28787;11;2617;1314;1303
28799;31;929;480;449
28801;83;347;215;132
28803;3;9601;4802;4799
28811;47;613;330;283
28829;127;227;177;50
28831;11;2621;1316;1305
28839;3;9613;4808;4805
28841;151;191;171;20
28849;17;1697;857;840
28857;3;9619;4811;4808
28869;3;9623;4813;4810
28873;13;2221;1117;1104
28877;67;431;249;182
28883;17;1699;858;841
28887;3;9629;4816;4813
28889;7;4127;2067;2060
28891;167;173;170;3
28893;3;9631;4817;4814
28895;5;5779;2892;2887
28903;7;4129;2068;2061
28907;137;211;174;37
28913;29;997;513;484
28915;5;5783;2894;2889
28929;3;9643;4823;4820
28931;7;4133;2070;2063
28937;19;1523;771;752
28939;43;673;358;315
28943;103;281;192;89
28947;3;9649;4826;4823
28955;5;5791;2898;2893
28957;23;1259;641;618
28963;11;2633;1322;1311
28967;83;349;216;133
28969;59;491;275;216
28973;7;4139;2073;2066
28981;73;397;235;162
28983;3;9661;4832;4829
28991;53;547;300;247
28993;79;367;223;144
28997;107;271;189;82
28999;47;617;332;285
29005;5;5801;2903;2898
29011;67;433;250;183
29031;3;9677;4840;4837
29035;5;5807;2906;2901
29037;3;9679;4841;4838
29039;71;409;240;169
29041;113;257;185;72
29047;31;937;484;453
29053;17;1709;863;846
29065;5;5813;2909;2904
29067;3;9689;4846;4843
29069;41;709;375;334
29071;7;4153;2080;2073
29081;13;2237;1125;1112
29083;127;229;178;51
29089;19;1531;775;756
29091;3;9697;4850;4847
29093;47;619;333;286
29099;7;4157;2082;2075
29105;5;5821;2913;2908
29107;13;2239;1126;1113
29111;43;677;360;317
29113;7;4159;2083;2076
29117;11;2647;1329;1318
29119;37;787;412;375
29135;5;5827;2916;2911
29143;151;193;172;21
29149;103;283;193;90
29157;3;9719;4861;4858
29159;13;2243;1128;1115
29163;3;9721;4862;4859
29171;31;941;486;455
29177;163;179;171;8
29195;5;5839;2922;2917
29199;3;9733;4868;4865
29213;131;223;177;46
29215;5;5843;2924;2919
29217;3;9739;4871;4868
29219;61;479;270;209
29227;11;2657;1334;1323
29229;3;9743;4873;4870
29239;7;4177;2092;2085
29245;5;5849;2927;2922
29247;3;9749;4876;4873
29249;11;2659;1335;1324
29255;5;5851;2928;2923
29257;17;1721;869;852
29261;29;1009;519;490
29263;13;2251;1132;1119
29273;73;401;237;164
29285;5;5857;2931;2926
29291;17;1723;870;853
29293;11;2663;1337;1326
29299;83;353;218;135
29301;3;9767;4885;4882
29305;5;5861;2933;2928
29307;3;9769;4886;4883
29317;19;1543;781;762
29321;109;269;189;80
29329;139;211;175;36
29335;5;5867;2936;2931
29343;3;9781;4892;4889
29345;5;5869;2937;2932
29353;149;197;173;24
29357;31;947;489;458
29361;3;9787;4895;4892
29369;43;683;363;320
29371;23;1277;650;627
29373;3;9791;4897;4894
29377;29;1013;521;492
29381;11;2671;1341;1330
29395;5;5879;2942;2937
29405;5;5881;2943;2938
29407;7;4201;2104;2097
29409;3;9803;4903;4900
29413;67;439;253;186
29417;23;1279;651;628
29431;19;1549;784;765
29433;3;9811;4907;4904
29441;59;499;279;220
29447;11;2677;1344;1333
29451;3;9817;4910;4907
29459;89;331;210;121
29461;17;1733;875;858
29467;79;373;226;147
29471;13;2267;1140;1127
29477;7;4211;2109;2102
29479;41;719;380;339
29485;5;5897;2951;2946
29487;3;9829;4916;4913
29489;37;797;417;380
29497;13;2269;1141;1128
29499;3;9833;4918;4915
29503;163;181;172;9
29507;19;1553;786;767
29509;23;1283;653;630
29513;11;2683;1347;1336
29515;5;5903;2954;2949
29517;3;9839;4921;4918
29519;7;4217;2112;2105
29521;53;557;305;252
29533;7;4219;2113;2106
29539;109;271;190;81
29543;31;953;492;461
29549;13;2273;1143;1130
29551;29;1019;524;495
29553;3;9851;4927;4924
29557;11;2687;1349;1338
29571;3;9857;4930;4927
29577;3;9859;4931;4928
29579;11;2689;1350;1339
29591;127;233;180;53
29593;101;293;197;96
29597;17;1741;879;862
29603;7;4229;2118;2111
29609;29;1021;525;496
29613;3;9871;4937;4934
29615;5;5923;2964;2959
29617;7;4231;2119;2112
29621;19;1559;789;770
29623;11;2693;1352;1341
29635;5;5927;2966;2961
29639;107;277;192;85
29647;23;1289;656;633
29649;3;9883;4943;4940
29651;149;199;174;25
29653;13;2281;1147;1134
29657;47;631;339;292
29661;3;9887;4945;4942
29677;59;503;281;222
29681;67;443;255;188
29687;7;4241;2124;2117
29689;11;2699;1355;1344
29693;23;1291;657;634
29695;5;5939;2972;2967
29699;17;1747;882;865
29701;7;4243;2125;2118
29703;3;9901;4952;4949
29707;61;487;274;213
29713;43;691;367;324
29719;113;263;188;75
29721;3;9907;4955;4952
29731;13;2287;1150;1137
29737;131;227;179;48
29747;151;197;174;23
29749;71;419;245;174
29765;5;5953;2979;2974
29769;3;9923;4963;4960
29771;7;4253;2130;2123
29773;19;1567;793;774
29777;11;2707;1359;1348
29779;97;307;202;105
29787;3;9929;4966;4963
29793;3;9931;4967;4964
29797;83;359;221;138
29801;17;1753;885;868
29807;41;727;384;343
29809;13;2293;1153;1140
29813;7;4259;2133;2126
29821;11;2711;1361;1350
29823;3;9941;4972;4969
29827;7;4261;2134;2127
29831;23;1297;660;637
29839;53;563;308;255
29843;11;2713;1362;1351
29847;3;9949;4976;4973
29849;19;1571;795;776
29857;73;409;241;168
29861;13;2297;1155;1142
29891;71;421;246;175
29893;167;179;173;6
29897;7;4271;2139;2132
29899;29;1031;530;501
29901;3;9967;4985;4982
29903;17;1759;888;871
29905;5;5981;2993;2988
29909;11;2719;1365;1354
29911;7;4273;2140;2133
29919;3;9973;4988;4985
29923;23;1301;662;639
29929;173;173;173;0
29933;37;809;423;386
29935;5;5987;2996;2991
29941;79;379;229;150
29951;61;491;276;215
29957;29;1033;531;502
29969;23;1303;663;640
29977;31;967;499;468
29981;7;4283;2145;2138
29987;157;191;174;17
29993;89;337;213;124
29999;131;229;180;49
30001;19;1579;799;780
30007;37;811;424;387
30017;13;2309;1161;1148
30019;11;2729;1370;1359
30021;3;10007;5005;5002
30023;7;4289;2148;2141
30027;3;10009;5006;5003
30031;59;509;284;225
30035;5;6007;3006;3001
30041;11;2731;1371;1360
30043;13;2311;1162;1149
30049;151;199;175;24
30053;41;733;387;346
30055;5;6011;3008;3003
30061;23;1307;665;642
30067;107;281;194;87
30077;19;1583;801;782
30079;7;4297;2152;2145
30083;67;449;258;191
30101;31;971;501;470
30111;3;10037;5020;5017
30117;3;10039;5021;5018
30127;47;641;344;297
30131;29;1039;534;505
30143;43;701;372;329
30145;5;6029;3017;3012
30151;11;2741;1376;1365
30157;53;569;311;258
30167;97;311;204;107
30179;103;293;198;95
30183;3;10061;5032;5029
30185;5;6037;3021;3016
30193;109;277;193;84
30201;3;10067;5035;5032
30207;3;10069;5036;5033
30209;17;1777;897;880
30215;5;6043;3024;3019
30221;47;643;345;298
30227;167;181;174;7
30235;5;6047;3026;3021
30237;3;10079;5041;5038
30239;11;2749;1380;1369
30257;79;383;231;152
30263;53;571;312;259
30265;5;6053;3029;3024
30273;3;10091;5047;5044
30279;3;10093;5048;5045
30281;107;283;195;88
30283;11;2753;1382;1371
30287;31;977;504;473
30289;7;4327;2167;2160
30297;3;10099;5051;5048
30299;41;739;390;349
30301;157;193;175;18
30309;3;10103;5053;5050
30311;17;1783;900;883
30329;13;2333;1173;1160
30333;3;10111;5057;5054
30335;5;6067;3036;3031
30337;23;1319;671;648
30343;19;1597;808;789
30353;127;239;183;56
30359;7;4337;2172;2165
30361;97;313;205;108
30365;5;6073;3039;3034
30373;7;4339;2173;2166
30377;37;821;429;392
30379;17;1787;902;885
30383;23;1321;672;649
30395;5;6079;3042;3037
30397;113;269;191;78
30399;3;10133;5068;5065
30407;13;2339;1176;1163
30409;47;647;347;300
30413;17;1789;903;886
30417;3;10139;5071;5068
30419;19;1601;810;791
30421;29;1049;539;510
30423;3;10141;5072;5069
30433;13;2341;1177;1164
30437;11;2767;1389;1378
30439;61;499;280;219
30443;7;4349;2178;2171
30445;5;6089;3047;3042
30451;37;823;430;393
30453;3;10151;5077;5074
30455;5;6091;3048;3043
30461;83;367;225;142
30463;41;743;392;351
30473;31;983;507;476
30477;3;10159;5081;5078
30479;29;1051;540;511
30487;43;709;376;333
30489;3;10163;5083;5080
30499;7;4357;2182;2175
30505;5;6101;3053;3048
30507;3;10169;5086;5083
30511;13;2347;1180;1167
30521;23;1327;675;652
30523;131;233;182;51
30531;3;10177;5090;5087
30533;19;1607;813;794
30541;7;4363;2185;2178
30543;3;10181;5092;5089
30547;11;2777;1394;1383
30551;137;223;180;43
30563;13;2351;1182;1169
30565;5;6113;3059;3054
30571;19;1609;814;795
30579;3;10193;5098;5095
30581;53;577;315;262
30587;73;419;246;173
30599;37;827;432;395
30601;71;431;251;180
30605;5;6121;3063;3058
30607;127;241;184;57
30611;7;4373;2190;2183
30617;17;1801;909;892
30619;67;457;262;195
30623;113;271;192;79
30629;109;281;195;86
30633;3;10211;5107;5104
30641;13;2357;1185;1172
30647;19;1613;816;797
30655;5;6131;3068;3063
30665;5;6133;3069;3064
30669;3;10223;5113;5110
30673;37;829;433;396
30679;11;2789;1400;1389
30683;61;503;282;221
30691;47;653;350;303
30701;11;2791;1401;1390
30715;5;6143;3074;3069
30721;31;991;511;480
30729;3;10243;5123;5120
30731;79;389;234;155
30733;73;421;247;174
30737;7;4391;2199;2192
30739;59;521;290;231
30741;3;10247;5125;5122
30743;71;433;252;181
30749;97;317;207;110
30755;5;6151;3078;3073
30759;3;10253;5128;5125
30761;19;1619;819;800
30767;11;2797;1404;1393
30769;29;1061;545;516
30777;3;10259;5131;5128
30779;7;4397;2202;2195
30787;17;1811;914;897
30791;41;751;396;355
30799;19;1621;820;801
30801;3;10267;5135;5132
30811;11;2801;1406;1395
30813;3;10271;5137;5134
30815;5;6163;3084;3079
30819;3;10273;5138;5135
30823;13;2371;1192;1179
30827;29;1063;546;517
30833;11;2803;1407;1396
30847;109;283;196;87
30857;59;523;291;232
30863;7;4409;2208;2201
30865;5;6173;3089;3084
30867;3;10289;5146;5143
30883;89;347;218;129
30887;67;461;264;197
30901;13;2377;1195;1182
30903;3;10301;5152;5149
30907;31;997;514;483
30909;3;10303;5153;5150
30913;19;1627;823;804
30917;43;719;381;338
30929;157;197;177;20
30939;3;10313;5158;5155
30947;7;4421;2214;2207
30953;13;2381;1197;1184
30959;83;373;228;145
30961;7;4423;2215;2208
30963;3;10321;5162;5159
30967;173;179;176;3
30973;47;659;353;306
30979;13;2383;1198;1185
30985;5;6197;3101;3096
30991;17;1823;920;903
30993;3;10331;5167;5164
30995;5;6199;3102;3097
30997;139;223;181;42
30999;3;10333;5168;5165
31001;29;1069;549;520
31007;101;307;204;103
31009;11;2819;1415;1404
31011;3;10337;5170;5167
31015;5;6203;3104;3099
31021;67;463;265;198
31029;3;10343;5173;5170
31037;41;757;399;358
31043;37;839;438;401
31049;61;509;285;224
31055;5;6211;3108;3103
31057;13;2389;1201;1188
31061;89;349;219;130
31067;47;661;354;307
31071;3;10357;5180;5177
31085;5;6217;3111;3106
31087;7;4441;2224;2217
31099;137;227;182;45
31103;19;1637;828;809
31105;5;6221;3113;3108
31107;3;10369;5186;5183
31109;13;2393;1203;1190
31111;53;587;320;267
31127;17;1831;924;907
31129;7;4447;2227;2220
31133;163;191;177;14
31145;5;6229;3117;3112
31157;7;4451;2229;2222
31163;11;2833;1422;1411
31169;71;439;255;184
31173;3;10391;5197;5194
31187;13;2399;1206;1193
31197;3;10399;5201;5198
31199;7;4457;2232;2225
31201;41;761;401;360
31207;11;2837;1424;1413
31235;5;6247;3126;3121
31241;7;4463;2235;2228
31243;157;199;178;21
31261;43;727;385;342
31273;11;2843;1427;1416
31279;31;1009;520;489
31281;3;10427;5215;5212
31285;5;6257;3131;3126
31287;3;10429;5216;5213
31289;67;467;267;200
31299;3;10433;5218;5215
31301;113;277;195;82
31303;23;1361;692;669
31309;131;239;185;54
31313;173;181;177;4
31315;5;6263;3134;3129
31343;13;2411;1212;1199
31345;5;6269;3137;3132
31351;107;293;200;93
31355;5;6271;3138;3133
31359;3;10453;5228;5225
31361;11;2851;1431;1420
31363;79;397;238;159
31367;7;4481;2244;2237
31371;3;10457;5230;5227
31373;137;229;183;46
31377;3;10459;5231;5228
31381;7;4483;2245;2238
31385;5;6277;3141;3136
31389;3;10463;5233;5230
31399;17;1847;932;915
31403;31;1013;522;491
31411;101;311;206;105
31417;89;353;221;132
31421;13;2417;1215;1202
31427;11;2857;1434;1423
31429;53;593;323;270
31431;3;10477;5240;5237
31435;5;6287;3146;3141
31439;149;211;180;31
31441;23;1367;695;672
31451;7;4493;2250;2243
31453;71;443;257;186
31457;83;379;231;148
31459;163;193;178;15
31461;3;10487;5245;5242
31463;73;431;252;179
31471;11;2861;1436;1425
31483;19;1657;838;819
31495;5;6299;3152;3147
31497;3;10499;5251;5248
31499;13;2423;1218;1205
31503;3;10501;5252;5249
31505;5;6301;3153;3148
31519;43;733;388;345
31523;29;1087;558;529
31529;41;769;405;364
31539;3;10513;5258;5255
31549;7;4507;2257;2250
31553;139;227;183;44
31555;5;6311;3158;3153
31561;37;853;445;408
31571;131;241;186;55
31579;23;1373;698;675
31585;5;6317;3161;3156
31587;3;10529;5266;5263
31589;31;1019;525;494
31591;7;4513;2260;2253
31593;3;10531;5267;5264
31597;19;1663;841;822
31609;73;433;253;180
31613;101;313;207;106
31615;5;6323;3164;3159
31619;7;4517;2262;2255
31621;103;307;205;102
31631;47;673;360;313
31633;7;4519;2263;2256
31637;17;1861;939;922
31639;29;1091;560;531
31645;5;6329;3167;3162
31651;31;1021;526;495
31661;7;4523;2265;2258
31669;11;2879;1445;1434
31673;19;1667;843;824
31677;3;10559;5281;5278
31679;79;401;240;161
31681;13;2437;1225;1212
31685;5;6337;3171;3166
31693;41;773;407;366
31697;29;1093;561;532
31701;3;10567;5285;5282
31709;37;857;447;410
31711;19;1669;844;825
31715;5;6343;3174;3169
31733;13;2441;1227;1214
31739;17;1867;942;925
31747;53;599;326;273
31753;113;281;197;84
31757;11;2887;1449;1438
31763;23;1381;702;679
31765;5;6353;3179;3174
31767;3;10589;5296;5293
31777;43;739;391;348
31781;61;521;291;230
31783;37;859;448;411
31789;83;383;233;150
31791;3;10597;5300;5297
31795;5;6359;3182;3177
31803;3;10601;5302;5299
31805;5;6361;3183;3178
31807;17;1871;944;927
31811;13;2447;1230;1217
31813;29;1097;563;534
31819;47;677;362;315
31821;3;10607;5305;5302
31829;7;4547;2277;2270
31831;139;229;184;45
31835;5;6367;3186;3181
31839;3;10613;5308;5305
31841;17;1873;945;928
31843;7;4549;2278;2271
31853;53;601;327;274
31861;151;211;181;30
31865;5;6373;3189;3184
31867;11;2897;1454;1443
31877;127;251;189;62
31879;71;449;260;189
31881;3;10627;5315;5312
31893;3;10631;5317;5314
31895;5;6379;3192;3187
31897;167;191;179;12
31903;61;523;292;231
31909;17;1877;947;930
31917;3;10639;5321;5318
31919;59;541;300;241
31921;137;233;185;48
31927;7;4561;2284;2277
31931;37;863;450;413
31933;11;2903;1457;1446
31937;109;293;201;92
31943;17;1879;948;931
31945;5;6389;3197;3192
31949;43;743;393;350
31951;89;359;224;135
31953;3;10651;5327;5324
31961;31;1031;531;500
31967;13;2459;1236;1223
31969;7;4567;2287;2280
31971;3;10657;5330;5327
31979;113;283;198;85
31985;5;6397;3201;3196
31987;29;1103;566;537
31989;3;10663;5333;5330
31999;11;2909;1460;1449
32001;3;10667;5335;5332
32017;101;317;209;108
32023;31;1033;532;501
32033;103;311;207;104
32041;179;179;179;0
32047;73;439;256;183
32061;3;10687;5345;5342
32071;13;2467;1240;1227
32073;3;10691;5347;5344
32081;7;4583;2295;2288
32087;11;2917;1464;1453
32093;67;479;273;206
32101;47;683;365;318
32105;5;6421;3213;3208
32107;97;331;214;117
32111;163;197;180;17
32113;17;1889;953;936
32127;3;10709;5356;5353
32133;3;10711;5357;5354
32135;5;6427;3216;3211
32137;7;4591;2299;2292
32149;13;2473;1243;1230
32161;29;1109;569;540
32167;19;1693;856;837
32169;3;10723;5363;5360
32171;53;607;330;277
32177;23;1399;711;688
32179;7;4597;2302;2295
32187;3;10729;5366;5363
32197;11;2927;1469;1458
32199;3;10733;5368;5365
32201;13;2477;1245;1232
32209;31;1039;535;504
32217;3;10739;5371;5368
32221;7;4603;2305;2298
32231;167;193;180;13
32239;103;313;208;105
32243;19;1697;858;839
32245;5;6449;3227;3222
32255;5;6451;3228;3223
32259;3;10753;5378;5375
32267;41;787;414;373
32273;59;547;303;244
32281;19;1699;859;840
32287;83;389;236;153
32293;43;751;397;354
32311;79;409;244;165
32313;3;10771;5387;5384
32317;17;1901;959;942
32329;11;2939;1475;1464
32339;73;443;258;185
32343;3;10781;5392;5389
32345;5;6469;3237;3232
32347;7;4621;2314;2307
32365;5;6473;3239;3234
32367;3;10789;5396;5393
32387;139;233;186;47
32393;29;1117;573;544
32397;3;10799;5401;5398
32399;179;181;180;1
32405;5;6481;3243;3238
32407;23;1409;716;693
32419;17;1907;962;945
32437;163;199;181;18
32447;71;457;264;193
32449;37;877;457;420
32455;5;6491;3248;3243
32459;7;4637;2322;2315
32471;19;1709;864;845
32473;7;4639;2323;2316
32477;47;691;369;322
32483;11;2953;1482;1471
32489;53;613;333;280
32493;3;10831;5417;5414
32501;7;4643;2325;2318
32511;3;10837;5420;5417
32519;31;1049;540;509
32521;17;1913;965;948
32527;11;2957;1484;1473
32539;13;2503;1258;1245
32541;3;10847;5425;5422
32543;7;4649;2328;2321
32551;43;757;400;357
32557;7;4651;2329;2322
32559;3;10853;5428;5425
32567;29;1123;576;547
32577;3;10859;5431;5428
32581;31;1051;541;510
32583;3;10861;5432;5429
32593;11;2963;1487;1476
32597;37;881;459;422
32599;7;4657;2332;2325
32601;3;10867;5435;5432
32605;5;6521;3263;3258
32629;67;487;277;210
32639;127;257;192;65
32641;7;4663;2335;2328
32645;5;6529;3267;3262
32649;3;10883;5443;5440
32651;103;317;210;107
32659;11;2969;1490;1479
32663;89;367;228;139
32667;3;10889;5446;5443
32671;37;883;460;423
32673;3;10891;5447;5444
32677;41;797;419;378
32681;11;2971;1491;1480
32689;97;337;217;120
32699;19;1721;870;851
32701;53;617;335;282
32709;3;10903;5453;5450
32711;7;4673;2340;2333
32723;43;761;402;359
32727;3;10909;5456;5453
32729;23;1423;723;700
32731;71;461;266;195
32735;5;6547;3276;3271
32737;19;1723;871;852
32741;29;1129;579;550
32743;137;239;188;51
32753;7;4679;2343;2336
32755;5;6551;3278;3273
32761;181;181;181;0
32765;5;6553;3279;3274
32773;13;2521;1267;1254
32777;73;449;261;188
32807;53;619;336;283
32811;3;10937;5470;5467
32815;5;6563;3284;3279
32817;3;10939;5471;5468
32819;37;887;462;425
32821;23;1427;725;702
32827;17;1931;974;957
32837;7;4691;2349;2342
32845;5;6569;3287;3282
32847;3;10949;5476;5473
32849;107;307;207;100
32855;5;6571;3288;3283
32861;17;1933;975;958
32863;59;557;308;249
32867;23;1429;726;703
32871;3;10957;5480;5477
32873;71;463;267;196
32881;131;251;191;60
32885;5;6577;3291;3286
32891;31;1061;546;515
32897;67;491;279;212
32899;167;197;182;15
32903;13;2531;1272;1259
32905;5;6581;3293;3288
32919;3;10973;5488;5485
32921;7;4703;2355;2348
32927;19;1733;876;857
32937;3;10979;5491;5488
32947;47;701;374;327
32951;83;397;240;157
32953;31;1063;547;516
32959;23;1433;728;705
32961;3;10987;5495;5492
32979;3;10993;5498;5495
32989;11;2999;1505;1494
32995;5;6599;3302;3297
33001;61;541;301;240
33007;13;2539;1276;1263
33009;3;11003;5503;5500
33011;11;3001;1506;1495
33017;137;241;189;52
33035;5;6607;3306;3301
33043;173;191;182;9
33047;7;4721;2364;2357
33059;13;2543;1278;1265
33061;7;4723;2365;2358
33067;43;769;406;363
33079;19;1741;880;861
33081;3;11027;5515;5512
33095;5;6619;3312;3307
33097;23;1439;731;708
33101;79;419;249;170
33103;7;4729;2368;2361
33109;113;293;203;90
33121;11;3011;1511;1500
33127;157;211;184;27
33131;7;4733;2370;2363
33133;17;1949;983;966
33137;13;2549;1281;1268
33139;31;1069;550;519
33141;3;11047;5525;5522
33157;71;467;269;198
33163;13;2551;1282;1269
33167;17;1951;984;967
33169;41;809;425;384
33171;3;11057;5530;5527
33177;3;11059;5531;5528
33185;5;6637;3321;3316
33193;19;1747;883;864
33197;89;373;231;142
33207;3;11069;5536;5533
33209;11;3019;1515;1504
33213;3;11071;5537;5534
33217;59;563;311;252
33221;139;239;189;50
33227;149;223;186;37
33233;167;199;183;16
33239;43;773;408;365
33241;13;2557;1285;1272
33249;3;11083;5543;5540
33251;41;811;426;385
33253;11;3023;1517;1506
33257;7;4751;2379;2372
33259;79;421;250;171
33261;3;11087;5545;5542
33265;5;6653;3329;3324
33277;107;311;209;102
33279;3;11093;5548;5545
33281;23;1447;735;712
33283;83;401;242;159
33295;5;6659;3332;3327
33305;5;6661;3333;3328
33307;19;1753;886;867
33313;7;4759;2383;2376
33323;47;709;378;331
33339;3;11113;5558;5555
33351;3;11117;5560;5557
33357;3;11119;5561;5558
33361;73;457;265;192
33365;5;6673;3339;3334
33367;61;547;304;243
33373;23;1451;737;714
33379;29;1151;590;561
33389;173;193;183;10
33393;3;11131;5567;5564
33395;5;6679;3342;3337
33401;127;263;195;68
33407;11;3037;1524;1513
33419;23;1453;738;715
33421;19;1759;889;870
33431;101;331;216;115
33433;67;499;283;216
33437;29;1153;591;562
33443;53;631;342;289
33445;5;6689;3347;3342
33447;3;11149;5576;5573
33451;11;3041;1526;1515
33455;5;6691;3348;3343
33463;109;307;208;99
33477;3;11159;5581;5578
33481;7;4783;2395;2388
33483;3;11161;5582;5579
33491;107;313;210;103
33499;139;241;190;51
33505;5;6701;3353;3348
33509;7;4787;2397;2390
33513;3;11171;5587;5584
33515;5;6703;3354;3349
33519;3;11173;5588;5585
33523;7;4789;2398;2391
33527;13;2579;1296;1283
33531;3;11177;5590;5587
33539;11;3049;1530;1519
33541;17;1973;995;978
33545;5;6709;3357;3352
33551;7;4793;2400;2393
33557;23;1459;741;718
33559;37;907;472;435
33571;59;569;314;255
33591;3;11197;5600;5597
33593;7;4799;2403;2396
33595;5;6719;3362;3357
33607;7;4801;2404;2397
33639;3;11213;5608;5605
33643;17;1979;998;981
33653;73;461;267;194
33659;97;347;222;125
33661;41;821;431;390
33665;5;6733;3369;3364
33667;131;257;194;63
33671;11;3061;1536;1525
33673;151;223;187;36
33683;13;2591;1302;1289
33685;5;6737;3371;3366
33689;59;571;315;256
33691;7;4813;2410;2403
33697;31;1087;559;528
33701;67;503;285;218
33707;37;911;474;437
33709;13;2593;1303;1290
33717;3;11239;5621;5618
33719;7;4817;2412;2405
33727;29;1163;596;567
33729;3;11243;5623;5620
33731;89;379;234;145
33737;11;3067;1539;1528
33743;41;823;432;391
33753;3;11251;5627;5624
33763;19;1777;898;879
33771;3;11257;5630;5627
33779;17;1987;1002;985
33783;3;11261;5632;5629
33793;47;719;383;336
33799;73;463;268;195
33805;5;6761;3383;3378
33815;5;6763;3384;3379
33817;7;4831;2419;2412
33819;3;11273;5638;5635
33821;31;1091;561;530
33823;149;227;188;39
33833;23;1471;747;724
33837;3;11279;5641;5638
33841;43;787;415;372
33853;97;349;223;126
33861;3;11287;5645;5642
33869;11;3079;1545;1534
33877;19;1783;901;882
33881;17;1993;1005;988
33883;31;1093;562;531
33895;5;6779;3392;3387
33897;3;11299;5651;5648
33899;109;311;210;101
33905;5;6781;3393;3388
33907;41;827;434;393
33913;11;3083;1547;1536
33917;13;2609;1311;1298
33919;107;317;212;105
33933;3;11311;5657;5654
33947;83;409;246;163
33949;17;1997;1007;990
33951;3;11317;5660;5657
33953;19;1787;903;884
33955;5;6791;3398;3393
33959;29;1171;600;571
33963;3;11321;5662;5659
33965;5;6793;3399;3394
33973;53;641;347;294
33977;61;557;309;248
33979;11;3089;1550;1539
33983;17;1999;1008;991
33987;3;11329;5666;5663
33989;41;829;435;394
33991;19;1789;904;885
34003;37;919;478;441
34007;31;1097;564;533
34009;71;479;275;204
34015;5;6803;3404;3399
34021;13;2617;1315;1302
34027;7;4861;2434;2427
34037;101;337;219;118
34043;59;577;318;259
34049;79;431;255;176
34051;17;2003;1010;993
34053;3;11351;5677;5674
34059;3;11353;5678;5675
34063;23;1481;752;729
34073;13;2621;1317;1304
34079;53;643;348;295
34081;173;197;185;12
34087;89;383;236;147
34091;73;467;270;197
34093;103;331;217;114
34097;7;4871;2439;2432
34103;67;509;288;221
34107;3;11369;5686;5683
34109;23;1483;753;730
34115;5;6823;3414;3409
34117;109;313;211;102
34121;149;229;189;40
34135;5;6827;3416;3411
34139;7;4877;2442;2435
34145;5;6829;3417;3412
34149;3;11383;5693;5690
34163;127;269;198;71
34165;5;6833;3419;3414
34169;47;727;387;340
34179;3;11393;5698;5695
34187;17;2011;1014;997
34189;179;191;185;6
34193;31;1103;567;536
34197;3;11399;5701;5698
34199;11;3109;1560;1549
34201;23;1487;755;732
34205;5;6841;3423;3418
34207;79;433;256;177
34219;19;1801;910;891
34223;7;4889;2448;2441
34229;13;2633;1323;1310
34233;3;11411;5707;5704
34241;97;353;225;128
34247;23;1489;756;733
34249;29;1181;605;576
34269;3;11423;5713;5710
34271;43;797;420;377
34277;151;227;189;38
34285;5;6857;3431;3426
34289;17;2017;1017;1000
34291;53;647;350;297
34309;11;3119;1565;1554
34311;3;11437;5720;5717
34315;5;6863;3434;3429
34321;7;4903;2455;2448
34329;3;11443;5723;5720
34331;11;3121;1566;1555
34339;23;1493;758;735
34341;3;11447;5725;5722
34343;61;563;312;251
34345;5;6869;3437;3432
34355;5;6871;3438;3433
34363;7;4909;2458;2451
34373;37;929;483;446
34379;31;1109;570;539
34387;137;251;194;57
34393;163;211;187;24
34399;41;839;440;399
34401;3;11467;5735;5732
34409;19;1811;915;896
34411;13;2647;1330;1317
34413;3;11471;5737;5734
34415;5;6883;3444;3439
34417;127;271;199;72
34423;29;1187;608;579
34427;173;199;186;13
34433;7;4919;2463;2456
34449;3;11483;5743;5740
34451;47;733;390;343
34453;131;263;197;66
34459;17;2027;1022;1005
34467;3;11489;5746;5743
34473;3;11491;5747;5744
34477;23;1499;761;738
34491;3;11497;5750;5747
34493;17;2029;1023;1006
34495;5;6899;3452;3447
34507;11;3137;1574;1563
34509;3;11503;5753;5750
34517;7;4931;2469;2462
34531;7;4933;2470;2463
34535;5;6907;3456;3451
34541;13;2657;1335;1322
34547;179;193;186;7
34553;109;317;213;104
34555;5;6911;3458;3453
34557;3;11519;5761;5758
34559;7;4937;2472;2465
34567;13;2659;1336;1323
34571;181;191;186;5
34577;71;487;279;208
34579;151;229;190;39
34581;3;11527;5765;5762
34585;5;6917;3461;3456
34597;29;1193;611;582
34601;7;4943;2475;2468
34609;53;653;353;300
34619;13;2663;1338;1325
34621;89;389;239;150
34627;31;1117;574;543
34633;59;587;323;264
34637;19;1823;921;902
34647;3;11549;5776;5773
34653;3;11551;5777;5774
34657;7;4951;2479;2472
34663;17;2039;1028;1011
34669;37;937;487;450
34681;79;439;259;180
34691;113;307;210;97
34699;7;4957;2482;2475
34709;61;569;315;254
34711;103;337;220;117
34717;149;233;191;42
34723;13;2671;1342;1329
34733;47;739;393;346
34735;5;6947;3476;3471
34737;3;11579;5791;5788
34745;5;6949;3477;3472
34753;23;1511;767;744
34761;3;11587;5795;5792
34769;7;4967;2487;2480
34777;83;419;251;168
34779;3;11593;5798;5795
34783;7;4969;2488;2481
34787;43;809;426;383
34789;19;1831;925;906
34791;3;11597;5800;5797
34793;11;3163;1587;1576
34795;5;6959;3482;3477
34801;13;2677;1345;1332
34805;5;6961;3483;3478
34811;7;4973;2490;2483
34813;31;1123;577;546
34817;37;941;489;452
34823;97;359;228;131
34829;29;1201;615;586
34831;61;571;316;255
34835;5;6967;3486;3481
34837;11;3167;1589;1578
34851;3;11617;5810;5807
34855;5;6971;3488;3483
34859;11;3169;1590;1579
34861;71;491;281;210
34863;3;11621;5812;5809
34873;43;811;427;384
34879;13;2683;1348;1335
34885;5;6977;3491;3486
34889;139;251;195;56
34899;3;11633;5818;5815
34901;17;2053;1035;1018
34907;67;521;294;227
34909;7;4987;2497;2490
34915;5;6983;3494;3489
34921;47;743;395;348
34927;53;659;356;303
34931;13;2687;1350;1337
34933;181;193;187;6
34943;83;421;252;169
34951;7;4993;2500;2493
34955;5;6991;3498;3493
34957;13;2689;1351;1338
34967;73;479;276;203
34971;3;11657;5830;5827
34973;41;853;447;406
34985;5;6997;3501;3496
34987;59;593;326;267
34991;11;3181;1596;1585
34993;7;4999;2503;2496
34997;79;443;261;182
34999;31;1129;580;549
35005;5;7001;3503;3498
35009;13;2693;1353;1340
35011;157;223;190;33
35021;7;5003;2505;2498
35029;23;1523;773;750
35031;3;11677;5840;5837
35033;53;661;357;304
35039;37;947;492;455
35041;67;523;295;228
35043;3;11681;5842;5839
35047;101;347;224;123
35057;11;3187;1599;1588
35063;7;5009;2508;2501
35065;5;7013;3509;3504
35067;3;11689;5846;5843
35071;17;2063;1040;1023
35077;7;5011;2509;2502
35087;13;2699;1356;1343
35093;19;1847;933;914
35095;5;7019;3512;3507
35097;3;11699;5851;5848
35101;11;3191;1601;1590
35103;3;11701;5852;5849
35135;5;7027;3516;3511
35137;41;857;449;408
35143;113;311;212;99
35147;7;5021;2514;2507
35151;3;11717;5860;5857
35157;3;11719;5861;5858
35161;7;5023;2515;2508
35173;17;2069;1043;1026
35177;29;1213;621;592
35179;127;277;202;75
35183;151;233;192;41
35191;13;2707;1360;1347
35193;3;11731;5867;5864
35195;5;7039;3522;3517
35197;61;577;319;258
35209;137;257;197;60
35213;23;1531;777;754
35215;5;7043;3524;3519
35219;41;859;450;409
35229;3;11743;5873;5870
35233;11;3203;1607;1596
35237;167;211;189;22
35239;131;269;200;69
35243;13;2711;1362;1349
35249;101;349;225;124
35261;37;953;495;458
35263;179;197;188;9
35269;13;2713;1363;1350
35273;7;5039;2523;2516
35285;5;7057;3531;3526
35293;29;1217;623;594
35297;47;751;399;352
35299;11;3209;1610;1599
35303;43;821;432;389
35331;3;11777;5890;5887
35333;89;397;243;154
35337;3;11779;5891;5888
35341;59;599;329;270
35345;5;7069;3537;3532
35347;13;2719;1366;1353
35349;3;11783;5893;5890
35357;7;5051;2529;2522
35359;19;1861;940;921
35367;3;11789;5896;5893
35369;113;313;213;100
35377;17;2081;1049;1032
35383;41;863;452;411
35387;11;3217;1614;1603
35389;43;823;433;390
35395;5;7079;3542;3537
35403;3;11801;5902;5899
35411;17;2083;1050;1033
35413;7;5059;2533;2526
35417;107;331;219;112
35421;3;11807;5905;5902
35429;71;499;285;214
35431;11;3221;1616;1605
35439;3;11813;5908;5905
35459;59;601;330;271
35463;3;11821;5912;5909
35467;29;1223;626;597
35471;79;449;264;185
35473;19;1867;943;924
35477;13;2729;1371;1358
35479;17;2087;1052;1035
35481;3;11827;5915;5912
35489;23;1543;783;760
35493;3;11831;5917;5914
35499;3;11833;5918;5915
35501;131;271;201;70
35503;13;2731;1372;1359
35513;17;2089;1053;1036
35515;5;7103;3554;3549
35517;3;11839;5921;5918
35519;11;3229;1620;1609
35539;7;5077;2542;2535
35545;5;7109;3557;3552
35549;19;1871;945;926
35551;73;487;280;207
35561;43;827;435;392
35567;7;5081;2544;2537
35579;47;757;402;355
35587;19;1873;946;927
35589;3;11863;5933;5930
35599;97;367;232;135
35601;3;11867;5935;5932
35605;5;7121;3563;3558
35609;7;5087;2547;2540
35611;149;239;194;45
35621;179;199;189;10
35627;23;1549;786;763
35633;13;2741;1377;1364
35635;5;7127;3566;3561
35639;157;227;192;35
35641;29;1229;629;600
35645;5;7129;3567;3562
35647;43;829;436;393
35653;101;353;227;126
35657;181;197;189;8
35661;3;11887;5945;5942
35663;19;1877;948;929
35669;53;673;363;310
35681;31;1151;591;560
35683;17;2099;1058;1041
35687;127;281;204;77
35689;89;401;245;156
35691;3;11897;5950;5947
35693;7;5099;2553;2546
35699;29;1231;630;601
35701;19;1879;949;930
35707;7;5101;2554;2547
35709;3;11903;5953;5950
35713;71;503;287;216
35719;23;1553;788;765
35723;139;257;198;59
35727;3;11909;5956;5953
35737;13;2749;1381;1368
35741;103;347;225;122
35743;31;1153;592;561
35749;7;5107;2557;2550
35755;5;7151;3578;3573
35761;11;3251;1631;1620
35767;47;761;404;357
35769;3;11923;5963;5960
35773;83;431;257;174
35779;37;967;502;465
35781;3;11927;5965;5962
35783;11;3253;1632;1621
35789;13;2753;1383;1370
35791;7;5113;2560;2553
35795;5;7159;3582;3577
35799;3;11933;5968;5965
35807;61;587;324;263
35813;59;607;333;274
35817;3;11939;5971;5968
35821;113;317;215;102
35823;3;11941;5972;5969
35827;11;3257;1634;1623
35833;7;5119;2563;2556
35843;73;491;282;209
35849;11;3259;1635;1624
35857;23;1559;791;768
35859;3;11953;5978;5975
35873;29;1237;633;604
35877;3;11959;5981;5978
35881;53;677;365;312
35885;5;7177;3591;3586
35887;17;2111;1064;1047
35891;19;1889;954;935
35907;3;11969;5986;5983
35909;149;241;195;46
35913;3;11971;5987;5984
35921;17;2113;1065;1048
35927;37;971;504;467
35935;5;7187;3596;3591
35939;83;433;258;175
35941;127;283;205;78
35943;3;11981;5992;5989
35947;103;349;226;123
35953;157;229;193;36
35957;41;877;459;418
35961;3;11987;5995;5992
35965;5;7193;3599;3594
35971;13;2767;1390;1377
35981;11;3271;1641;1630
36019;181;199;190;9
36021;3;12007;6005;6002
36029;7;5147;2577;2570
36031;137;263;200;63
36033;3;12011;6007;6004
36035;5;7207;3606;3601
36041;23;1567;795;772
36053;31;1163;597;566
36055;5;7211;3608;3603
36059;107;337;222;115
36065;5;7213;3609;3604
36071;7;5153;2580;2573
36077;43;839;441;398
36079;109;331;220;111
36089;151;239;195;44
36095;5;7219;3612;3607
36101;13;2777;1395;1382
36103;79;457;268;189
36111;3;12037;6020;6017
36119;19;1901;960;941
36121;41;881;461;420
36123;3;12041;6022;6019
36129;3;12043;6023;6020
36133;23;1571;797;774
36139;71;509;290;219
36143;47;769;408;361
36145;5;7229;3617;3612
36147;3;12049;6026;6023
36149;37;977;507;470
36167;59;613;336;277
36169;7;5167;2587;2580
36173;61;593;327;266
36181;97;373;235;138
36185;5;7237;3621;3616
36193;17;2129;1073;1056
36197;7;5171;2589;2582
36199;53;683;368;315
36203;41;883;462;421
36213;3;12071;6037;6034
36215;5;7243;3624;3619
36219;3;12073;6038;6035
36221;29;1249;639;610
36227;17;2131;1074;1057
36233;19;1907;963;944
36235;5;7247;3626;3621
36247;67;541;304;237
36253;7;5179;2593;2586
36257;13;2789;1401;1388
36259;101;359;230;129
36265;5;7253;3629;3624
36283;13;2791;1402;1389
36287;131;277;204;73
36289;11;3299;1655;1644
36291;3;12097;6050;6047
36301;31;1171;601;570
36303;3;12101;6052;6049
36311;11;3301;1656;1645
36317;23;1579;801;778
36321;3;12107;6055;6052
36323;7;5189;2598;2591
36327;3;12109;6056;6053
36329;17;2137;1077;1060
36331;47;773;410;363
36339;3;12113;6058;6055
36347;19;1913;966;947
36349;163;223;193;30
36357;3;12119;6061;6058
36359;103;353;228;125
36361;13;2797;1405;1392
36367;41;887;464;423
36371;37;983;510;473
36377;11;3307;1659;1648
36379;7;5197;2602;2595
36391;151;241;196;45
36397;17;2141;1079;1062
36401;89;409;249;160
36403;59;617;338;279
36409;23;1583;803;780
36413;13;2801;1407;1394
36415;5;7283;3644;3639
36419;79;461;270;191
36427;73;499;286;213
36429;3;12143;6073;6070
36431;17;2143;1080;1063
36437;83;439;261;178
36439;13;2803;1408;1395
36443;11;3313;1662;1651
36447;3;12149;6076;6073
36463;7;5209;2608;2601
36471;3;12157;6080;6077
36481;191;191;191;0
36483;3;12161;6082;6079
36485;5;7297;3651;3646
36489;3;12163;6083;6080
36503;173;211;192;19
36509;11;3319;1665;1654
36511;29;1259;644;615
36521;59;619;339;280
36535;5;7307;3656;3651
36539;61;599;330;269
36545;5;7309;3657;3652
36553;11;3323;1667;1656
36557;139;263;201;62
36577;79;463;271;192
36581;157;233;195;38
36589;7;5227;2617;2610
36591;3;12197;6100;6097
36601;17;2153;1085;1068
36605;5;7321;3663;3658
36609;3;12203;6103;6100
36611;31;1181;606;575
36617;7;5231;2619;2612
36619;11;3329;1670;1659
36623;53;691;372;319
36631;7;5233;2620;2613
36633;3;12211;6107;6104
36641;11;3331;1671;1660
36647;13;2819;1416;1403
36649;67;547;307;240
36655;5;7331;3668;3663
36659;7;5237;2622;2615
36661;61;601;331;270
36665;5;7333;3669;3664
36667;37;991;514;477
36679;43;853;448;405
36681;3;12227;6115;6112
36689;19;1931;975;956
36717;3;12239;6121;6118
36719;73;503;288;215
36723;3;12241;6122;6119
36727;19;1933;976;957
36731;23;1597;810;787
36733;109;337;223;114
36737;17;2161;1089;1072
36745;5;7349;3677;3672
36753;3;12251;6127;6124
36755;5;7351;3678;3673
36759;3;12253;6128;6125
36763;97;379;238;141
36769;83;443;263;180
36773;11;3343;1677;1666
36789;3;12263;6133;6130
36797;31;1187;609;578
36807;3;12269;6136;6133
36811;131;281;206;75
36817;11;3347;1679;1668
36823;23;1601;812;789
36827;7;5261;2634;2627
36829;13;2833;1423;1410
36831;3;12277;6140;6137
36843;3;12281;6142;6139
36845;5;7369;3687;3682
36851;43;857;450;407
36853;137;269;203;66
36863;191;193;192;1
36867;3;12289;6146;6143
36881;13;2837;1425;1412
36889;37;997;517;480
36893;79;467;273;194
36903;3;12301;6152;6149
36911;7;5273;2640;2633
36937;43;859;451;408
36949;11;3359;1685;1674
36953;7;5279;2643;2636
36959;13;2843;1428;1415
36961;23;1607;815;792
36965;5;7393;3699;3694
36967;7;5281;2644;2637
36969;3;12323;6163;6160
36971;11;3361;1686;1675
36977;103;359;231;128
36983;31;1193;612;581
36987;3;12329;6166;6163
36989;47;787;417;370
36991;71;521;296;225
37001;163;227;195;32
37007;23;1609;816;793
37027;61;607;334;273
37029;3;12343;6173;6170
37031;19;1949;984;965
37033;29;1277;653;624
37041;3;12347;6175;6172
37043;17;2179;1098;1081
37055;5;7411;3708;3703
37063;13;2851;1432;1419
37067;101;367;234;133
37069;19;1951;985;966
37073;131;283;207;76
37079;7;5297;2652;2645
37081;11;3371;1691;1680
37085;5;7417;3711;3706
37091;29;1279;654;625
37099;23;1613;818;795
37103;11;3373;1692;1681
37109;43;863;453;410
37119;3;12373;6188;6185
37121;7;5303;2655;2648
37127;137;271;204;67
37129;107;347;227;120
37131;3;12377;6190;6187
37133;71;523;297;226
37137;3;12379;6191;6188
37141;13;2857;1435;1422
37151;97;383;240;143
37153;53;701;377;324
37157;73;509;291;218
37163;7;5309;2658;2651
37165;5;7433;3719;3714
37173;3;12391;6197;6194
37187;41;907;474;433
37193;13;2861;1437;1424
37203;3;12401;6202;6199
37207;29;1283;656;627
37211;127;293;210;83
37227;3;12409;6206;6203
37229;59;631;345;286
37231;31;1201;616;585
37237;23;1619;821;798
37239;3;12413;6208;6205
37241;167;223;195;28
37249;193;193;193;0
37255;5;7451;3728;3723
37261;7;5323;2665;2658
37263;3;12421;6212;6209
37267;83;449;266;183
37279;11;3389;1700;1689
37283;23;1621;822;799
37285;5;7457;3731;3726
37291;89;419;254;165
37295;5;7459;3732;3727
37299;3;12433;6218;6215
37301;11;3391;1701;1690
37311;3;12437;6220;6217
37319;67;557;312;245
37327;163;229;196;33
37331;7;5333;2670;2663
37333;37;1009;523;486
37343;107;349;228;121
37351;41;911;476;435
37353;3;12451;6227;6224
37371;3;12457;6230;6227
37381;29;1289;659;630
37385;5;7477;3741;3736
37391;139;269;204;65
37393;61;613;337;276
37399;149;251;200;51
37403;113;331;222;109
37405;5;7481;3743;3738
37419;3;12473;6238;6235
37421;23;1627;825;802
37427;13;2879;1446;1433
37429;7;5347;2677;2670
37435;5;7487;3746;3741
37437;3;12479;6241;6238
37439;29;1291;660;631
37445;5;7489;3747;3742
37451;17;2203;1110;1093
37457;7;5351;2679;2672
37459;47;797;422;375
37461;3;12487;6245;6242
37469;89;421;255;166
37473;3;12491;6247;6244
37477;11;3407;1709;1698
37481;37;1013;525;488
37487;19;1973;996;977
37491;3;12497;6250;6247
37495;5;7499;3752;3747
37509;3;12503;6253;6250
37519;17;2207;1112;1095
37523;157;239;198;41
37531;13;2887;1450;1437
37533;3;12511;6257;6254
37535;5;7507;3756;3751
37543;11;3413;1712;1701
37551;3;12517;6260;6257
37577;53;709;381;328
37581;3;12527;6265;6262
37585;5;7517;3761;3756
37601;19;1979;999;980
37603;31;1213;622;591
37613;29;1297;663;634
37615;5;7523;3764;3759
37617;3;12539;6271;6268
37621;17;2213;1115;1098
37623;3;12541;6272;6269
37627;191;197;194;3
37637;61;617;339;278
37641;3;12547;6275;6272
37645;5;7529;3767;3762
37651;23;1637;830;807
37659;3;12553;6278;6275
37661;13;2897;1455;1442
37667;7;5381;2694;2687
37669;139;271;205;66
37673;101;373;237;136
37679;41;919;480;439
37685;5;7537;3771;3766
37703;37;1019;528;491
37705;5;7541;3773;3768
37707;3;12569;6286;6283
37709;7;5387;2697;2690
37711;43;877;460;417
37721;67;563;315;248
37727;31;1217;624;593
37729;29;1301;665;636
37731;3;12577;6290;6287
37733;97;389;243;146
37735;5;7547;3776;3771
37739;13;2903;1458;1445
37745;5;7549;3777;3772
37749;3;12583;6293;6290
37751;7;5393;2700;2693
37753;19;1987;1003;984
37757;17;2221;1119;1102
37759;61;619;340;279
37763;11;3433;1722;1711
37767;3;12589;6296;6293
37769;179;211;195;16
37771;107;353;230;123
37777;37;1021;529;492
37787;29;1303;666;637
37793;7;5399;2703;2696
37795;5;7559;3782;3777
37801;103;367;235;132
37803;3;12601;6302;6299
37805;5;7561;3783;3778
37817;13;2909;1461;1448
37819;59;641;350;291
37823;109;347;228;119
37833;3;12611;6307;6304
37837;157;241;199;42
37839;3;12613;6308;6305
37841;79;479;279;200
37849;7;5407;2707;2700
37857;3;12619;6311;6308
37865;5;7573;3789;3784
37867;19;1993;1006;987
37883;43;881;462;419
37885;5;7577;3791;3786
37891;7;5413;2710;2703
37901;151;251;201;50
37903;29;1307;668;639
37909;167;227;197;30
37911;3;12637;6320;6317
37913;31;1223;627;596
37915;5;7583;3794;3789
37919;7;5417;2712;2705
37921;13;2917;1465;1452
37923;3;12641;6322;6319
37931;83;457;270;187
37933;7;5419;2713;2706
37937;59;643;351;292
37939;11;3449;1730;1719
37941;3;12647;6325;6322
37943;19;1997;1008;989
37945;5;7589;3797;3792
37949;137;277;207;70
37955;5;7591;3798;3793
37959;3;12653;6328;6325
37969;43;883;463;420
37977;3;12659;6331;6328
37979;163;233;198;35
37981;19;1999;1009;990
38009;191;199;195;4
38013;3;12671;6337;6334
38015;5;7603;3804;3799
38017;7;5431;2719;2712
38021;193;197;195;2
38023;47;809;428;381
38027;11;3457;1734;1723
38029;17;2237;1127;1110
38033;73;521;297;224
38035;5;7607;3806;3801
38041;109;349;229;120
38051;13;2927;1470;1457
38057;19;2003;1011;992
38059;7;5437;2722;2715
38063;17;2239;1128;1111
38067;3;12689;6346;6343
38071;11;3461;1736;1725
38081;113;337;225;112
38087;7;5441;2724;2717
38089;41;929;485;444
38091;3;12697;6350;6347
38093;11;3463;1737;1726
38099;31;1229;630;599
38101;7;5443;2725;2718
38105;5;7621;3813;3808
38107;53;719;386;333
38109;3;12703;6353;6350
38111;23;1657;840;817
38117;47;811;429;382
38123;67;569;318;251
38131;17;2243;1130;1113
38137;11;3467;1739;1728
38139;3;12713;6358;6355
38141;43;887;465;422
38143;7;5449;2728;2721
38147;37;1031;534;497
38159;11;3469;1740;1729
38161;31;1231;631;600
38163;3;12721;6362;6359
38173;59;647;353;294
38179;73;523;298;225
38191;181;211;196;15
38195;5;7639;3822;3817
38207;13;2939;1476;1463
38209;19;2011;1015;996
38215;5;7643;3824;3819
38217;3;12739;6371;6368
38221;37;1033;535;498
38229;3;12743;6373;6370
38243;167;229;198;31
38245;5;7649;3827;3822
38249;23;1663;843;820
38251;29;1319;674;645
38257;67;571;319;252
38263;83;461;272;189
38267;17;2251;1134;1117
38271;3;12757;6380;6377
38279;101;379;240;139
38289;3;12763;6383;6380
38293;149;257;203;54
38297;7;5471;2739;2732
38309;29;1321;675;646
38323;19;2017;1018;999
38339;7;5477;2742;2735
38341;23;1667;845;822
38343;3;12781;6392;6389
38345;5;7669;3837;3832
38347;31;1237;634;603
38353;7;5479;2743;2736
38359;89;431;260;171
38365;5;7673;3839;3834
38373;3;12791;6397;6394
38381;7;5483;2745;2738
38383;131;293;212;81
38387;23;1669;846;823
38389;13;2953;1483;1470
38397;3;12799;6401;6398
38401;11;3491;1751;1740
38405;5;7681;3843;3838
38407;193;199;196;3
38411;71;541;306;235
38413;107;359;233;126
38417;41;937;489;448
38419;103;373;238;135
38427;3;12809;6406;6403
38429;83;463;273;190
38435;5;7687;3846;3841
38441;13;2957;1485;1472
38443;37;1039;538;501
38455;5;7691;3848;3843
38463;3;12821;6412;6409
38469;3;12823;6413;6410
38473;79;487;283;204
38477;109;353;231;122
38483;29;1327;678;649
38487;3;12829;6416;6413
38489;11;3499;1755;1744
38491;61;631;346;285
38495;5;7699;3852;3847
38497;137;281;209;72
38503;139;277;208;69
38507;7;5501;2754;2747
38509;97;397;247;150
38513;19;2027;1023;1004
38515;5;7703;3854;3849
38519;13;2963;1488;1475
38521;7;5503;2755;2748
38523;3;12841;6422;6419
38527;59;653;356;297
38531;53;727;390;337
38537;89;433;261;172
38539;17;2267;1142;1125
38549;7;5507;2757;2750
38551;19;2029;1024;1005
38559;3;12853;6428;6425
38573;17;2269;1143;1126
38579;173;223;198;25
38581;41;941;491;450
38585;5;7717;3861;3856
38587;47;821;434;387
38597;13;2969;1491;1478
38615;5;7723;3864;3859
38621;11;3511;1761;1750
38623;13;2971;1492;1479
38633;7;5519;2763;2756
38635;5;7727;3866;3861
38641;17;2273;1145;1128
38647;7;5521;2764;2757
38659;67;577;322;255
38667;3;12889;6446;6443
38679;3;12893;6448;6445
38681;47;823;435;388
38683;101;383;242;141
38687;11;3517;1764;1753
38689;7;5527;2767;2760
38697;3;12899;6451;6448
38705;5;7741;3873;3868
38717;7;5531;2769;2762
38719;31;1249;640;609
38721;3;12907;6455;6452
38733;3;12911;6457;6454
38741;19;2039;1029;1010
38751;3;12917;6460;6457
38757;3;12919;6461;6458
38761;83;467;275;192
38765;5;7753;3879;3874
38769;3;12923;6463;6460
38771;137;283;210;73
38777;17;2281;1149;1132
38785;5;7757;3881;3876
38789;79;491;285;206
38795;5;7759;3882;3877
38797;11;3527;1769;1758
38807;151;257;204;53
38809;197;197;197;0
38813;37;1049;543;506
38819;11;3529;1770;1759
38823;3;12941;6472;6469
38827;41;947;494;453
38837;71;547;309;238
38849;53;733;393;340
38859;3;12953;6478;6475
38863;11;3533;1772;1761
38869;47;827;437;390
38877;3;12959;6481;6478
38879;17;2287;1152;1135
38881;59;659;359;300
38887;37;1051;544;507
38897;97;401;249;152
38899;7;5557;2782;2775
38901;3;12967;6485;6482
38911;167;233;200;33
38919;3;12973;6488;6485
38929;11;3539;1775;1764
38937;3;12979;6491;6488
38939;23;1693;858;835
38941;7;5563;2785;2778
38945;5;7789;3897;3892
38949;3;12983;6493;6490
38951;11;3541;1776;1765
38957;163;239;201;38
38963;47;829;438;391
38965;5;7793;3899;3894
38981;17;2293;1155;1138
38983;7;5569;2788;2781
38987;13;2999;1506;1493
38989;127;307;217;90
38999;59;661;360;301
39001;43;907;475;432
39003;3;13001;6502;6499
39007;19;2053;1036;1017
39009;3;13003;6503;6500
39011;7;5573;2790;2783
39013;13;3001;1507;1494
39017;11;3547;1779;1768
39021;3;13007;6505;6502
39027;3;13009;6506;6503
39029;31;1259;645;614
39031;23;1697;860;837
39037;103;379;241;138
39049;17;2297;1157;1140
39059;139;281;210;71
39067;7;5581;2794;2787
39071;89;439;264;175
39073;41;953;497;456
39077;23;1699;861;838
39085;5;7817;3911;3906
39099;3;13033;6518;6515
39101;61;641;351;290
39111;3;13037;6520;6517
39115;5;7823;3914;3909
39127;11;3557;1784;1773
39129;3;13043;6523;6520
39131;109;359;234;125
39137;7;5591;2799;2792
39143;13;3011;1512;1499
39145;5;7829;3917;3912
39147;3;13049;6526;6523
39149;11;3559;1785;1774
39167;53;739;396;343
39173;43;911;477;434
39187;149;263;206;57
39189;3;13063;6533;6530
39197;19;2063;1041;1022
39203;197;199;198;1
39205;5;7841;3923;3918
39211;113;347;230;117
39223;61;643;352;291
39247;13;3019;1516;1503
39253;17;2309;1163;1146
39257;37;1061;549;512
39265;5;7853;3929;3924
39269;107;367;237;130
39271;173;227;200;27
39279;3;13093;6548;6545
39281;11;3571;1791;1780
39283;163;241;202;39
39287;17;2311;1164;1147
39289;101;389;245;144
39297;3;13099;6551;6548
39299;13;3023;1518;1505
39307;23;1709;866;843
39309;3;13103;6553;6550
39311;19;2069;1044;1025
39327;3;13109;6556;6553
39329;67;587;327;260
39331;37;1063;550;513
39335;5;7867;3936;3931
39337;139;283;211;72
39361;7;5623;2815;2808
39363;3;13121;6562;6559
39365;5;7873;3939;3934
39379;53;743;398;345
39381;3;13127;6565;6562
39385;5;7877;3941;3936
39391;11;3581;1796;1785
39395;5;7879;3942;3937
39407;157;251;204;47
39413;11;3583;1797;1786
39415;5;7883;3944;3939
39421;79;499;289;210
39427;89;443;266;177
39433;47;839;443;396
39437;113;349;231;118
39441;3;13147;6575;6572
39449;103;383;243;140
39453;3;13151;6577;6574
39467;61;647;354;293
39469;29;1361;695;666
39473;7;5639;2823;2816
39477;3;13159;6581;6578
39481;13;3037;1525;1512
39487;7;5641;2824;2817
39489;3;13163;6583;6580
39493;73;541;307;234
39497;127;311;219;92
39505;5;7901;3953;3948
39513;3;13171;6587;6584
39517;43;919;481;438
39523;11;3593;1802;1791
39529;7;5647;2827;2820
39531;3;13177;6590;6587
39533;13;3041;1527;1514
39535;5;7907;3956;3951
39539;19;2081;1050;1031
39547;71;557;314;243
39549;3;13183;6593;6590
39553;37;1069;553;516
39557;7;5651;2829;2822
39561;3;13187;6595;6592
39571;7;5653;2830;2823
39577;19;2083;1051;1032
39583;23;1721;872;849
39587;31;1277;654;623
39595;5;7919;3962;3957
39599;7;5657;2832;2825
39601;199;199;199;0
39613;7;5659;2833;2826
39617;173;229;201;28
39629;23;1723;873;850
39635;5;7927;3966;3961
39637;13;3049;1531;1518
39643;29;1367;698;669
39647;41;967;504;463
39649;31;1279;655;624
39651;3;13217;6610;6607
39653;19;2087;1053;1034
39657;3;13219;6611;6608
39661;17;2333;1175;1158
39665;5;7933;3969;3964
39673;97;409;253;156
39677;11;3607;1809;1798
39683;7;5669;2838;2831
39685;5;7937;3971;3966
39687;3;13229;6616;6613
39691;19;2089;1054;1035
39707;59;673;366;307
39713;151;263;207;56
39723;3;13241;6622;6619
39731;67;593;330;263
39737;79;503;291;212
39743;11;3613;1812;1801
39745;5;7949;3977;3972
39747;3;13249;6626;6623
39751;127;313;220;93
39755;5;7951;3978;3973
39757;83;479;281;198
39763;17;2339;1178;1161
39773;31;1283;657;626
39777;3;13259;6631;6628
39781;7;5683;2845;2838
39787;11;3617;1814;1803
39793;13;3061;1537;1524
39797;17;2341;1179;1162
39801;3;13267;6635;6632
39803;53;751;402;349
39811;41;971;506;465
39815;5;7963;3984;3979
39817;29;1373;701;672
39823;7;5689;2848;2841
39833;61;653;357;296
39851;7;5693;2850;2843
39853;11;3623;1817;1806
39859;23;1733;878;855
39871;13;3067;1540;1527
39873;3;13291;6647;6644
39881;19;2099;1059;1040
39889;113;353;233;120
39891;3;13297;6650;6647
39899;17;2347;1182;1165
39907;7;5701;2854;2847
39911;107;373;240;133
39913;167;239;203;36
39917;179;223;201;22
39927;3;13309;6656;6653
39931;73;547;310;237
39939;3;13313;6658;6655
39941;11;3631;1821;1810
39943;59;677;368;309
39947;43;929;486;443
39959;31;1289;660;629
39961;89;449;269;180
39965;5;7993;3999;3994
39967;17;2351;1184;1167
39973;71;563;317;246
39977;7;5711;2859;2852
39981;3;13327;6665;6662
39993;3;13331;6667;6664
40003;109;367;238;129
40007;11;3637;1824;1813
40011;3;13337;6670;6667
40017;3;13339;6671;6668
40019;7;5717;2862;2855
40021;31;1291;661;630
40027;13;3079;1546;1533
40043;23;1741;882;859
40045;5;8009;4007;4002
40049;29;1381;705;676
40055;5;8011;4008;4003
40057;41;977;509;468
40067;103;389;246;143
40069;17;2357;1187;1170
40073;11;3643;1827;1816
40079;13;3083;1548;1535
40081;149;269;209;60
40085;5;8017;4011;4006
40091;47;853;450;403
40097;101;397;249;148
40101;3;13367;6685;6682
40109;19;2111;1065;1046
40121;53;757;405;352
40133;67;599;333;266
40141;137;293;215;78
40143;3;13381;6692;6689
40147;19;2113;1066;1047
40157;13;3089;1551;1538
40159;7;5737;2872;2865
40181;23;1747;885;862
40187;7;5741;2874;2867
40191;3;13397;6700;6697
40195;5;8039;4022;4017
40197;3;13399;6701;6698
40199;61;659;360;299
40201;7;5743;2875;2868
40207;31;1297;664;633
40211;79;509;294;215
40217;131;307;219;88
40219;37;1087;562;525
40233;3;13411;6707;6704
40243;7;5749;2878;2871
40247;167;241;204;37
40249;11;3659;1835;1824
40251;3;13417;6710;6707
40259;127;317;222;95
40263;3;13421;6712;6709
40265;5;8053;4029;4024
40267;67;601;334;267
40279;47;857;452;405
40291;43;937;490;447
40295;5;8059;4032;4027
40297;59;683;371;312
40301;191;211;201;10
40303;41;983;512;471
40307;17;2371;1194;1177
40309;173;233;203;30
40319;23;1753;888;865
40321;61;661;361;300
40323;3;13441;6722;6719
40331;31;1301;666;635
40333;53;761;407;354
40345;5;8069;4037;4032
40349;157;257;207;50
40353;3;13451;6727;6724
40363;181;223;202;21
40367;37;1091;564;527
40371;3;13457;6730;6727
40373;47;859;453;406
40379;149;271;210;61
40381;11;3671;1841;1830
40389;3;13463;6733;6730
40393;31;1303;667;636
40399;71;569;320;249
40403;11;3673;1842;1831
40405;5;8081;4043;4038
40407;3;13469;6736;6733
40409;17;2377;1197;1180
40417;13;3109;1561;1548
40421;83;487;285;202
40431;3;13477;6740;6737
40435;5;8087;4046;4041
40441;37;1093;565;528
40445;5;8089;4047;4042
40447;11;3677;1844;1833
40451;19;2129;1074;1055
40453;7;5779;2893;2886
40457;23;1759;891;868
40461;3;13487;6745;6742
40463;43;941;492;449
40465;5;8093;4049;4044
40477;17;2381;1199;1182
40481;7;5783;2895;2888
40489;19;2131;1075;1056
40497;3;13499;6751;6748
40501;101;401;251;150
40505;5;8101;4053;4048
40511;17;2383;1200;1183
40517;31;1307;669;638
40537;7;5791;2899;2892
40539;3;13513;6758;6755
40541;71;571;321;250
40547;13;3119;1566;1553
40553;107;379;243;136
40555;5;8111;4058;4053
40561;47;863;455;408
40567;113;359;236;123
40569;3;13523;6763;6760
40571;29;1399;714;685
40573;13;3121;1567;1554
40585;5;8117;4061;4056
40589;37;1097;567;530
40601;11;3691;1851;1840
40603;19;2137;1078;1059
40607;7;5801;2904;2897
40611;3;13537;6770;6767
40613;17;2389;1203;1186
40615;5;8123;4064;4059
40619;151;269;210;59
40631;41;991;516;475
40633;179;227;203;24
40643;97;419;258;161
40649;7;5807;2907;2900
40657;109;373;241;132
40659;3;13553;6778;6775
40661;73;557;315;242
40667;11;3697;1854;1843
40669;67;607;337;270
40673;89;457;273;184
40679;19;2141;1080;1061
40681;17;2393;1205;1188
40691;7;5813;2910;2903
40701;3;13567;6785;6782
40711;11;3701;1856;1845
40717;19;2143;1081;1062
40721;43;947;495;452
40723;193;211;202;9
40727;139;293;216;77
40731;3;13577;6790;6787
40735;5;8147;4076;4071
40741;131;311;221;90
40747;7;5821;2914;2907
40753;83;491;287;204
40757;53;769;411;358
40769;59;691;375;316
40773;3;13591;6797;6794
40781;13;3137;1575;1562
40783;17;2399;1208;1191
40789;7;5827;2917;2910
40791;3;13597;6800;6797
40799;11;3709;1860;1849
40805;5;8161;4083;4078
40811;37;1103;570;533
40835;5;8167;4086;4081
40837;97;421;259;162
40839;3;13613;6808;6805
40855;5;8171;4088;4083
40857;3;13619;6811;6808
40861;29;1409;719;690
40871;23;1777;900;877
40873;7;5839;2923;2916
40877;41;997;519;478
40881;3;13627;6815;6812
40889;31;1319;675;644
40891;103;397;250;147
40895;5;8179;4092;4087
40899;3;13633;6818;6815
40901;7;5843;2925;2918
40907;19;2153;1086;1067
40909;11;3719;1865;1854
40913;163;251;207;44
40921;151;271;211;60
40943;7;5849;2928;2921
40947;3;13649;6826;6823
40951;31;1321;676;645
40955;5;8191;4098;4093
40957;7;5851;2929;2922
40967;71;577;324;253
40969;53;773;413;360
40979;43;953;498;455
40981;107;383;245;138
40987;17;2411;1214;1197
40991;179;229;204;25
40997;11;3727;1869;1858
40999;7;5857;2932;2925
41003;131;313;222;91
41007;3;13669;6836;6833
41009;23;1783;903;880
41027;7;5861;2934;2927
41029;89;461;275;186
41033;37;1109;573;536
41037;3;13679;6841;6838
41043;3;13681;6842;6839
41045;5;8209;4107;4102
41053;61;673;367;306
41059;19;2161;1090;1071
41061;3;13687;6845;6842
41063;11;3733;1872;1861
41069;7;5867;2937;2930
41071;67;613;340;273
41073;3;13691;6847;6844
41079;3;13693;6848;6845
41083;7;5869;2938;2931
41087;181;227;204;23
41089;17;2417;1217;1200
41091;3;13697;6850;6847
41095;5;8219;4112;4107
41099;73;563;318;245
41101;23;1787;905;882
41105;5;8221;4113;4108
41119;13;3163;1588;1575
41127;3;13709;6856;6853
41129;11;3739;1875;1864
41133;3;13711;6857;6854
41137;31;1327;679;648
41147;23;1789;906;883
41153;7;5879;2943;2936
41155;5;8231;4118;4113
41159;79;521;300;221
41163;3;13721;6862;6859
41165;5;8233;4119;4114
41167;7;5881;2944;2937
41169;3;13723;6863;6860
41171;13;3167;1590;1577
41185;5;8237;4121;4116
41187;3;13729;6866;6863
41191;17;2423;1220;1203
41197;13;3169;1591;1578
41207;89;463;276;187
41215;5;8243;4124;4119
41219;47;877;462;415
41253;3;13751;6877;6874
41267;29;1423;726;697
41271;3;13757;6880;6877
41273;149;277;213;64
41277;3;13759;6881;6878
41279;7;5897;2952;2945
41289;3;13763;6883;6880
41291;157;263;210;53
41297;61;677;369;308
41303;103;401;252;149
41309;101;409;255;154
41311;109;379;244;135
41315;5;8263;4134;4129
41317;79;523;301;222
41321;7;5903;2955;2948
41329;37;1117;577;540
41339;67;617;342;275
41343;3;13781;6892;6889
41345;5;8269;4137;4132
41347;173;239;206;33
41353;13;3181;1597;1584
41359;59;701;380;321
41365;5;8273;4139;4134
41367;3;13789;6896;6893
41369;41;1009;525;484
41371;11;3761;1886;1875
41383;29;1427;728;699
41397;3;13799;6901;6898
41401;19;2179;1099;1080
41407;47;881;464;417
41417;83;499;291;208
41421;3;13807;6905;6902
41423;23;1801;912;889
41429;17;2437;1227;1210
41431;13;3187;1600;1587
41435;5;8287;4146;4141
41437;11;3767;1889;1878
41441;29;1429;729;700
41449;181;229;205;24
41455;5;8291;4148;4143
41459;11;3769;1890;1879
41461;7;5923;2965;2958
41465;5;8293;4149;4144
41471;113;367;240;127
41473;67;619;343;276
41483;13;3191;1602;1589
41485;5;8297;4151;4146
41487;3;13829;6916;6913
41489;7;5927;2967;2960
41493;3;13831;6917;6914
41497;17;2441;1229;1212
41501;47;883;465;418
41523;3;13841;6922;6919
41527;131;317;224;93
41533;41;1013;527;486
41537;73;569;321;248
41551;37;1123;580;543
41555;5;8311;4158;4153
41557;29;1433;731;702
41563;89;467;278;189
41567;197;211;204;7
41569;11;3779;1895;1884
41573;7;5939;2973;2966
41577;3;13859;6931;6928
41581;43;967;505;462
41585;5;8317;4161;4156
41599;17;2447;1232;1215
41619;3;13873;6938;6935
41623;107;389;248;141
41631;3;13877;6940;6937
41637;3;13879;6941;6938
41639;13;3203;1608;1595
41645;5;8329;4167;4162
41649;3;13883;6943;6940
41653;23;1811;917;894
41663;61;683;372;311
41671;7;5953;2980;2973
41677;71;587;329;258
41683;73;571;322;249
41689;47;887;467;420
41693;173;241;207;34
41703;3;13901;6952;6949
41707;179;233;206;27
41709;3;13903;6953;6950
41711;53;787;420;367
41717;13;3209;1611;1598
41721;3;13907;6955;6952
41723;11;3793;1902;1891
41731;29;1439;734;705
41739;3;13913;6958;6955
41747;109;383;246;137
41749;83;503;293;210
41753;43;971;507;464
41763;3;13921;6962;6959
41765;5;8353;4179;4174
41767;11;3797;1904;1893
41773;37;1129;583;546
41779;41;1019;530;489
41793;3;13931;6967;6964
41799;3;13933;6968;6965
41803;17;2459;1238;1221
41807;97;431;264;167
41815;5;8363;4184;4179
41821;13;3217;1615;1602
41827;151;277;214;63
41831;59;709;384;325
41833;11;3803;1907;1896
41845;5;8369;4187;4182
41857;19;2203;1111;1092
41861;41;1021;531;490
41867;7;5981;2994;2987
41869;149;281;215;66
41873;13;3221;1617;1604
41885;5;8377;4191;4186
41889;3;13963;6983;6980
41891;163;257;210;47
41901;3;13967;6985;6982
41909;7;5987;2997;2990
41917;167;251;209;42
41929;23;1823;923;900
41933;19;2207;1113;1094
41935;5;8387;4196;4191
41939;17;2467;1242;1225
41945;5;8389;4197;4192
41963;29;1447;738;709
41977;13;3229;1621;1608
41989;199;211;205;6
41991;3;13997;7000;6997
41997;3;13999;7001;6998
42001;97;433;265;168
42011;43;977;510;467
42027;3;14009;7006;7003
42031;11;3821;1916;1905
42033;3;14011;7007;7004
42037;127;331;229;102
42041;17;2473;1245;1228
42047;19;2213;1116;1097
42049;7;6007;3007;3000
42053;11;3823;1917;1906
42059;137;307;222;85
42077;7;6011;3009;3002
42079;29;1451;740;711
42087;3;14029;7016;7013
42095;5;8419;4212;4207
42099;3;14033;7018;7015
42103;71;593;332;261
42109;17;2477;1247;1230
42113;23;1831;927;904
42115;5;8423;4214;4209
42121;73;577;325;252
42127;103;409;256;153
42137;29;1453;741;712
42145;5;8429;4217;4212
42149;113;373;243;130
42151;61;691;376;315
42153;3;14051;7027;7024
42155;5;8431;4218;4213
42163;11;3833;1922;1911
42167;149;283;216;67
42171;3;14057;7030;7027
42173;181;233;207;26
42191;31;1361;696;665
42199;19;2221;1120;1101
42203;7;6029;3018;3011
42213;3;14071;7037;7034
42215;5;8443;4224;4219
42233;157;269;213;56
42235;5;8447;4226;4221
42241;53;797;425;372
42243;3;14081;7042;7039
42247;83;509;296;213
42249;3;14083;7043;7040
42259;7;6037;3022;3015
42261;3;14087;7045;7042
42263;13;3251;1632;1619
42269;43;983;513;470
42271;41;1031;536;495
42277;67;631;349;282
42289;13;3253;1633;1620
42301;7;6043;3025;3018
42305;5;8461;4233;4228
42311;29;1459;744;715
42317;11;3847;1929;1918
42319;101;419;260;159
42321;3;14107;7055;7052
42329;7;6047;3027;3020
42335;5;8467;4236;4231
42341;13;3257;1635;1622
42353;41;1033;537;496
42361;11;3851;1931;1920
42367;13;3259;1636;1623
42371;7;6053;3030;3023
42377;31;1367;699;668
42383;11;3853;1932;1921
42401;109;389;249;140
42421;59;719;389;330
42429;3;14143;7073;7070
42431;151;281;216;65
42447;3;14149;7076;7073
42459;3;14153;7078;7075
42469;7;6067;3037;3030
42477;3;14159;7081;7078
42479;107;397;252;145
42481;23;1847;935;912
42493;11;3863;1937;1926
42503;19;2237;1128;1109
42505;5;8501;4253;4248
42511;7;6073;3040;3033
42519;3;14173;7088;7085
42521;101;421;261;160
42523;13;3271;1642;1629
42529;71;599;335;264
42531;3;14177;7090;7087
42541;19;2239;1129;1110
42547;157;271;214;57
42551;17;2503;1260;1243
42553;7;6079;3043;3036
42563;31;1373;702;671
42565;5;8513;4259;4254
42583;97;439;268;171
42587;37;1151;594;557
42591;3;14197;7100;7097
42593;191;223;207;16
42599;41;1039;540;499
42605;5;8521;4263;4258
42607;137;311;224;87
42613;43;991;517;474
42617;19;2243;1131;1112
42621;3;14207;7105;7102
42623;7;6089;3048;3041
42629;47;907;477;430
42631;89;479;284;195
42635;5;8527;4266;4261
42637;7;6091;3049;3042
42647;11;3877;1944;1933
42659;29;1471;750;721
42661;37;1153;595;558
42663;3;14221;7112;7109
42671;71;601;336;265
42673;139;307;223;84
42685;5;8537;4271;4266
42691;11;3881;1946;1935
42695;5;8539;4272;4267
42707;7;6101;3054;3047
42715;5;8543;4274;4269
42729;3;14243;7123;7120
42733;151;283;217;66
42739;79;541;310;231
42747;3;14249;7126;7123
42753;3;14251;7127;7124
42761;61;701;381;320
42769;19;2251;1135;1116
42779;11;3889;1950;1939
42781;179;239;209;30
42791;7;6113;3060;3053
42799;127;337;232;105
42803;23;1861;942;919
42811;31;1381;706;675
42815;5;8563;4284;4279
42817;47;911;479;432
42827;113;379;246;133
42843;3;14281;7142;7139
42847;7;6121;3064;3057
42851;73;587;330;257
42857;17;2521;1269;1252
42865;5;8573;4289;4284
42869;163;263;213;50
42871;43;997;520;477
42877;53;809;431;378
42879;3;14293;7148;7145
42881;137;313;225;88
42887;13;3299;1656;1643
42893;59;727;393;334
42905;5;8581;4293;4288
42907;107;401;254;147
42909;3;14303;7153;7150
42913;13;3301;1657;1644
42917;7;6131;3069;3062
42919;167;257;212;45
42931;7;6133;3070;3063
42941;23;1867;945;922
42947;67;641;354;287
42949;29;1481;755;726
42963;3;14321;7162;7159
42969;3;14323;7163;7160
42971;97;443;270;173
42977;11;3907;1959;1948
42981;3;14327;7165;7162
42983;53;811;432;379
42985;5;8597;4301;4296
42991;13;3307;1660;1647
42995;5;8599;4302;4297
43001;7;6143;3075;3068
43007;29;1483;756;727
43009;41;1049;545;504
43021;11;3911;1961;1950
43023;3;14341;7172;7169
43027;17;2531;1274;1257
43031;37;1163;600;563
43033;23;1871;947;924
43039;193;223;208;15
43041;3;14347;7175;7172
43045;5;8609;4307;4302
43057;7;6151;3079;3072
43069;13;3313;1663;1650
43073;19;2267;1143;1124
43079;23;1873;948;925
43081;67;643;355;288
43087;11;3917;1964;1953
43091;41;1051;546;505
43097;71;607;339;268
43107;3;14369;7186;7183
43109;11;3919;1965;1954
43111;19;2269;1144;1125
43115;5;8623;4314;4309
43123;29;1487;758;729
43135;5;8627;4316;4311
43139;179;241;210;31
43141;7;6163;3085;3078
43145;5;8629;4317;4312
43147;13;3319;1666;1653
43153;11;3923;1967;1956
43157;103;419;261;158
43161;3;14387;7195;7192
43163;17;2539;1278;1261
43167;3;14389;7196;7193
43171;23;1877;950;927
43181;29;1489;759;730
43187;19;2273;1146;1127
43193;47;919;483;436
43199;13;3323;1668;1655
43203;3;14401;7202;7199
43205;5;8641;4323;4318
43211;7;6173;3090;3083
43213;79;547;313;234
43217;23;1879;951;928
43219;11;3929;1970;1959
43221;3;14407;7205;7202
43229;139;311;225;86
43231;17;2543;1280;1263
43233;3;14411;7207;7204
43235;5;8647;4326;4321
43241;11;3931;1971;1960
43243;83;521;302;219
43247;59;733;396;337
43249;61;709;385;324
43257;3;14419;7211;7208
43259;181;239;210;29
43269;3;14423;7213;7210
43273;109;397;253;144
43277;13;3329;1671;1658
43279;113;383;248;135
43289;73;593;333;260
43293;3;14431;7217;7214
43297;29;1493;761;732
43303;13;3331;1672;1659
43311;3;14437;7220;7217
43315;5;8663;4334;4329
43327;37;1171;604;567
43333;17;2549;1283;1266
43339;19;2281;1150;1131
43341;3;14447;7225;7222
43343;89;487;288;199
43345;5;8669;4337;4332
43347;3;14449;7226;7223
43349;67;647;357;290
43357;191;227;209;18
43361;131;331;231;100
43363;103;421;262;159
43367;17;2551;1284;1267
43369;31;1399;715;684
43373;11;3943;1977;1966
43379;7;6197;3102;3095
43383;3;14461;7232;7229
43385;5;8677;4341;4336
43387;43;1009;526;483
43393;7;6199;3103;3096
43405;5;8681;4343;4338
43409;83;523;303;220
43417;11;3947;1979;1968
43421;7;6203;3105;3098
43423;173;251;212;39
43429;137;317;227;90
43437;3;14479;7241;7238
43445;5;8689;4347;4342
43447;23;1889;956;933
43453;19;2287;1153;1134
43459;13;3343;1678;1665
43465;5;8693;4349;4344
43467;3;14489;7246;7243
43469;17;2557;1287;1270
43471;29;1499;764;735
43477;7;6211;3109;3102
43489;157;277;217;60
43495;5;8699;4352;4347
43501;41;1061;551;510
43507;139;313;226;87
43509;3;14503;7253;7250
43511;13;3347;1680;1667
43513;53;821;437;384
43519;7;6217;3112;3105
43523;71;613;342;271
43531;101;431;266;165
43535;5;8707;4356;4351
43547;7;6221;3114;3107
43553;97;449;273;176
43557;3;14519;7261;7258
43559;43;1013;528;485
43565;5;8713;4359;4354
43567;19;2293;1156;1137
43583;41;1063;552;511
43595;5;8719;4362;4357
43599;3;14533;7268;7265
43601;59;739;399;340
43603;7;6229;3118;3111
43611;3;14537;7270;7267
43619;53;823;438;385
43621;181;241;211;30
43629;3;14543;7273;7270
43637;11;3967;1989;1978
43643;19;2297;1158;1139
43647;3;14549;7276;7273
43653;3;14551;7277;7274
43655;5;8731;4368;4363
43657;149;293;221;72
43663;47;929;488;441
43667;13;3359;1686;1673
43671;3;14557;7280;7277
43679;31;1409;720;689
43683;3;14561;7282;7279
43685;5;8737;4371;4366
43689;3;14563;7283;7280
43693;13;3361;1687;1674
43697;37;1181;609;572
43699;89;491;290;201
43705;5;8741;4373;4368
43709;109;401;255;146
43723;23;1901;962;939
43727;73;599;336;263
43729;7;6247;3127;3120
43733;101;433;267;166
43735;5;8747;4376;4371
43739;191;229;210;19
43751;67;653;360;293
43763;107;409;258;151
43765;5;8753;4379;4374
43773;3;14591;7297;7294
43779;3;14593;7298;7295
43799;7;6257;3132;3125
43805;5;8761;4383;4378
43807;71;617;344;273
43811;193;227;210;17
43817;43;1019;531;488
43819;29;1511;770;741
43823;13;3371;1692;1679
43829;41;1069;555;514
43831;53;827;440;387
43837;59;743;401;342
43841;7;6263;3135;3128
43843;17;2579;1298;1281
43847;163;269;216;53
43849;13;3373;1693;1680
43859;61;719;390;329
43861;23;1907;965;942
43863;3;14621;7312;7309
43871;19;2309;1164;1145
43873;73;601;337;264
43879;11;3989;2000;1989
43881;3;14627;7315;7312
43883;7;6269;3138;3131
43887;3;14629;7316;7313
43895;5;8779;4392;4387
43897;7;6271;3139;3132
43899;3;14633;7318;7315
43903;43;1021;532;489
43909;19;2311;1165;1146
43915;5;8783;4394;4389
43917;3;14639;7321;7318
43919;37;1187;612;575
43921;167;263;215;48
43931;197;223;210;13
43937;53;829;441;388
43939;7;6277;3142;3135
43949;71;619;345;274
43957;113;389;251;138
43959;3;14653;7328;7325
43971;3;14657;7330;7327
43999;23;1913;968;945
44003;79;557;318;239
44007;3;14669;7336;7333
44009;7;6287;3147;3140
44011;11;4001;2006;1995
44015;5;8803;4404;4399
44033;11;4003;2007;1996
44035;5;8807;4406;4401
44039;47;937;492;445
44047;17;2591;1304;1287
44049;3;14683;7343;7340
44057;13;3389;1701;1688
44063;139;317;228;89
44069;127;347;237;110
44077;11;4007;2009;1998
44081;17;2593;1305;1288
44083;13;3391;1702;1689
44093;7;6299;3153;3146
44095;5;8819;4412;4407
44097;3;14699;7351;7348
44105;5;8821;4413;4408
44107;7;6301;3154;3147
44113;31;1423;727;696
44117;157;281;219;62
44139;3;14713;7358;7355
44141;37;1193;615;578
44143;11;4013;2012;2001
44147;131;337;234;103
44151;3;14717;7360;7357
44153;67;659;363;296
44155;5;8831;4418;4413
44167;29;1523;776;747
44169;3;14723;7363;7360
44173;163;271;217;54
44177;7;6311;3159;3152
44185;5;8837;4421;4416
44193;3;14731;7367;7364
44195;5;8839;4422;4417
44197;193;229;211;18
44209;11;4019;2015;2004
44211;3;14737;7370;7367
44219;7;6317;3162;3155
44223;3;14741;7372;7369
44227;47;941;494;447
44231;11;4021;2016;2005
44237;31;1427;729;698
44241;3;14747;7375;7372
44243;151;293;222;71
44245;5;8849;4427;4422
44259;3;14753;7378;7375
44261;7;6323;3165;3158
44277;3;14759;7381;7378
44287;67;661;364;297
44291;13;3407;1710;1697
44297;11;4027;2019;2008
44299;31;1429;730;699
44301;3;14767;7385;7382
44303;7;6329;3168;3161
44305;5;8861;4433;4428
44309;59;751;405;346
44311;73;607;340;267
44313;3;14771;7387;7384
44315;5;8863;4434;4429
44323;127;349;238;111
44327;19;2333;1176;1157
44329;97;457;277;180
44333;43;1031;537;494
44335;5;8867;4436;4431
44337;3;14779;7391;7388
44339;101;439;270;169
44347;61;727;394;333
44349;3;14783;7393;7390
44353;17;2609;1313;1296
44359;7;6337;3172;3165
44369;13;3413;1713;1700
44377;199;223;211;12
44391;3;14797;7400;7397
44393;103;431;267;164
44399;29;1531;780;751
44401;7;6343;3175;3168
44411;89;499;294;205
44413;23;1931;977;954
44419;43;1033;538;495
44423;31;1433;732;701
44431;157;283;220;63
44435;5;8887;4446;4441
44437;37;1201;619;582
44439;3;14813;7408;7405
44441;19;2339;1179;1160
44459;23;1933;978;955
44461;173;257;215;42
44463;3;14821;7412;7409
44465;5;8893;4449;4444
44467;53;839;446;393
44471;7;6353;3180;3173
44477;79;563;321;242
44479;19;2341;1180;1161
44481;3;14827;7415;7412
44489;17;2617;1317;1300
44493;3;14831;7417;7414
44503;191;233;212;21
44509;47;947;497;450
44513;7;6359;3183;3176
44521;211;211;211;0
44527;7;6361;3184;3177
44529;3;14843;7423;7420
44539;11;4049;2030;2019
44553;3;14851;7427;7424
44557;17;2621;1319;1302
44561;11;4051;2031;2020
44567;41;1087;564;523
44569;7;6367;3187;3180
44581;109;409;259;150
44593;19;2347;1183;1164
44599;103;433;268;165
44601;3;14867;7435;7432
44607;3;14869;7436;7433
44609;31;1439;735;704
44611;7;6373;3190;3183
44615;5;8923;4464;4459
44627;11;4057;2034;2023
44629;13;3433;1723;1710
44637;3;14879;7441;7438
44645;5;8929;4467;4462
44653;7;6379;3193;3186
44661;3;14887;7445;7442
44663;59;757;408;349
44665;5;8933;4469;4464
44669;19;2351;1185;1166
44673;3;14891;7447;7444
44677;43;1039;541;498
44691;3;14897;7450;7447
44705;5;8941;4473;4468
44713;61;733;397;336
44717;97;461;279;182
44719;197;227;212;15
44723;7;6389;3198;3191
44731;41;1091;566;525
44743;101;443;272;171
44747;29;1543;786;757
44749;73;613;343;270
44755;5;8951;4478;4473
44761;17;2633;1325;1308
44767;89;503;296;207
44769;3;14923;7463;7460
44779;7;6397;3202;3195
44783;19;2357;1188;1169
44787;3;14929;7466;7463
44791;47;953;500;453
44801;71;631;351;280
44803;11;4073;2042;2031
44813;41;1093;567;526
44815;5;8963;4484;4479
44817;3;14939;7471;7468
44827;23;1949;986;963
44831;127;353;240;113
44833;107;419;263;156
44837;13;3449;1731;1718
44841;3;14947;7475;7472
44845;5;8969;4487;4482
44853;3;14951;7477;7474
44855;5;8971;4488;4483
44857;31;1447;739;708
44861;113;397;255;142
44869;11;4079;2045;2034
44871;3;14957;7480;7477
44873;23;1951;987;964
44881;37;1213;625;588
44899;59;761;410;351
44903;83;541;312;229
44907;3;14969;7486;7483
44911;97;463;280;183
44921;29;1549;789;760
44923;167;269;218;51
44929;179;251;215;36
44941;13;3457;1735;1722
44947;7;6421;3214;3207
44949;3;14983;7493;7490
44951;79;569;324;245
44969;193;233;213;20
44977;41;1097;569;528
44981;31;1451;741;710
44989;7;6427;3217;3210
44993;13;3461;1737;1724
44995;5;8999;4502;4497
44999;17;2647;1332;1315
45001;11;4091;2051;2040
45005;5;9001;4503;4498
45019;13;3463;1738;1725
45023;11;4093;2052;2041
45029;37;1217;627;590
45035;5;9007;4506;4501
45037;29;1553;791;762
45039;3;15013;7508;7505
45041;73;617;345;272
45043;31;1453;742;711
45047;107;421;264;157
45049;19;2371;1195;1176
45051;3;15017;7510;7507
45055;5;9011;4508;4503
45065;5;9013;4509;4504
45071;13;3467;1740;1727
45079;61;739;400;339
45089;11;4099;2055;2044
45091;67;673;370;303
45093;3;15031;7517;7514
45097;13;3469;1741;1728
45107;43;1049;546;503
45109;79;571;325;246
45113;197;229;213;16
45143;7;6449;3228;3221
45145;5;9029;4517;4512
45151;163;277;220;57
45157;7;6451;3229;3222
45159;3;15053;7528;7525
45163;19;2377;1198;1179
45169;17;2657;1337;1320
45173;199;227;213;14
45183;3;15061;7532;7529
45187;73;619;346;273
45193;43;1051;547;504
45203;17;2659;1338;1321
45205;5;9041;4523;4518
45209;53;853;453;400
45211;29;1559;794;765
45215;5;9043;4524;4519
45217;103;439;271;168
45219;3;15073;7538;7535
45221;11;4111;2061;2050
45223;41;1103;572;531
45229;31;1459;745;714
45231;3;15077;7540;7537
45239;19;2381;1200;1181
45245;5;9049;4527;4522
45249;3;15083;7543;7540
45251;37;1223;630;593
45257;167;271;219;52
45271;17;2663;1340;1323
45273;3;15091;7547;7544
45277;19;2383;1201;1182
45283;7;6469;3238;3231
45295;5;9059;4532;4527
45299;97;467;282;185
45301;89;509;299;210
45303;3;15101;7552;7549
45311;7;6473;3240;3233
45313;113;401;257;144
45321;3;15107;7555;7552
45323;61;743;402;341
45335;5;9067;4536;4531
45347;137;331;234;97
45349;101;449;275;174
45359;67;677;372;305
45363;3;15121;7562;7559
45367;7;6481;3244;3237
45371;59;769;414;355
45379;23;1973;998;975
45383;13;3491;1752;1739
45391;19;2389;1204;1185
45393;3;15131;7567;7564
45397;11;4127;2069;2058
45401;83;547;315;232
45407;17;2671;1344;1327
45411;3;15137;7570;7567
45417;3;15139;7571;7568
45419;11;4129;2070;2059
45421;53;857;455;402
45431;181;251;216;35
45437;7;6491;3249;3242
45443;29;1567;798;769
45447;3;15149;7576;7573
45449;47;967;507;460
45455;5;9091;4548;4543
45457;131;347;239;108
45463;11;4133;2072;2061
45467;19;2393;1206;1187
45469;41;1109;575;534
45473;37;1229;633;596
45483;3;15161;7582;7579
45487;13;3499;1756;1743
45499;173;263;218;45
45509;17;2677;1347;1330
45511;71;641;356;285
45515;5;9103;4554;4549
45517;23;1979;1001;978
45519;3;15173;7588;7585
45527;53;859;456;403
45529;11;4139;2075;2064
45545;5;9109;4557;4552
45547;37;1231;634;597
45559;29;1571;800;771
45561;3;15187;7595;7592
45571;199;229;214;15
45579;3;15193;7598;7595
45581;19;2399;1209;1190
45583;79;577;328;249
45593;127;359;243;116
45597;3;15199;7601;7598
45601;31;1471;751;720
45607;59;773;416;357
45611;17;2683;1350;1333
45623;43;1061;552;509
45629;103;443;273;170
45635;5;9127;4566;4561
45637;47;971;509;462
45643;13;3511;1762;1749
45647;7;6521;3264;3257
45649;191;239;215;24
45651;3;15217;7610;7607
45653;71;643;357;286
45665;5;9133;4569;4564
45671;109;419;264;155
45679;17;2687;1352;1335
45681;3;15227;7615;7612
45683;11;4153;2082;2071
45685;5;9137;4571;4566
45699;3;15233;7618;7615
45701;23;1987;1005;982
45703;7;6529;3268;3261
45709;43;1063;553;510
45713;17;2689;1353;1336
45719;131;349;240;109
45721;13;3517;1765;1752
45723;3;15241;7622;7619
45727;11;4157;2084;2073
45739;53;863;458;405
45743;149;307;228;79
45749;11;4159;2085;2074
45755;5;9151;4578;4573
45761;67;683;375;308
45769;37;1237;637;600
45777;3;15259;7631;7628
45781;17;2693;1355;1338
45785;5;9157;4581;4576
45789;3;15263;7633;7630
45791;29;1579;804;775
45797;41;1117;579;538
45803;163;281;222;59
45805;5;9161;4583;4578
45807;3;15269;7636;7633
45809;19;2411;1215;1196
45811;61;751;406;345
45813;3;15271;7637;7634
45829;7;6547;3277;3270
45831;3;15277;7640;7637
45839;23;1993;1008;985
45851;13;3527;1770;1757
45857;7;6551;3279;3272
45861;3;15287;7645;7642
45865;5;9173;4589;4584
45867;3;15289;7646;7643
45871;7;6553;3280;3273
45877;13;3529;1771;1758
45883;17;2699;1358;1341
45889;109;421;265;156
45897;3;15299;7651;7648
45901;197;233;215;18
45905;5;9181;4593;4588
45907;29;1583;806;777
45911;31;1481;756;725
45919;47;977;512;465
45921;3;15307;7655;7652
45923;19;2417;1218;1199
45929;13;3533;1773;1760
45931;23;1997;1010;987
45935;5;9187;4596;4591
45937;71;647;359;288
45939;3;15313;7658;7655
45941;7;6563;3285;3278
45947;11;4177;2094;2083
45957;3;15319;7661;7658
45967;43;1069;556;513
45973;31;1483;757;726
45977;23;1999;1011;988
45983;7;6569;3288;3281
45987;3;15329;7666;7663
45993;3;15331;7667;7664
45995;5;9199;4602;4597
45997;7;6571;3289;3282
46001;157;293;225;68
46003;179;257;218;39
46007;13;3539;1776;1763
46009;139;331;235;96
46015;5;9203;4604;4599
46019;17;2707;1362;1345
46031;191;241;216;25
46033;13;3541;1777;1764
46037;19;2423;1221;1202
46039;7;6577;3292;3285
46043;41;1123;582;541
46045;5;9209;4607;4602
46047;3;15349;7676;7673
46063;73;631;352;279
46067;7;6581;3294;3287
46069;23;2003;1013;990
46077;3;15359;7681;7678
46083;3;15361;7682;7679
46087;17;2711;1364;1347
46097;31;1487;759;728
46105;5;9221;4613;4608
46111;13;3547;1780;1767
46117;107;431;269;162
46119;3;15373;7688;7685
46121;17;2713;1365;1348
46127;193;239;216;23
46129;163;283;223;60
46131;3;15377;7690;7687
46135;5;9227;4616;4611
46149;3;15383;7693;7690
46157;101;457;279;178
46159;31;1489;760;729
46169;137;337;237;100
46173;3;15391;7697;7694
46177;61;757;409;348
46193;7;6599;3303;3296
46195;5;9239;4622;4617
46201;47;983;515;468
46203;3;15401;7702;7699
46205;5;9241;4623;4618
46211;11;4201;2106;2095
46213;37;1249;643;606
46217;113;409;261;148
46223;17;2719;1368;1351
46231;83;557;320;237
46239;3;15413;7708;7705
46241;13;3557;1785;1772
46243;131;353;242;111
46247;103;449;276;173
46249;7;6607;3307;3300
46253;23;2011;1017;994
46259;167;277;222;55
46267;13;3559;1786;1773
46281;3;15427;7715;7712
46283;31;1493;762;731
46285;5;9257;4631;4626
46289;41;1129;585;544
46297;67;691;379;312
46303;19;2437;1228;1209
46313;29;1597;813;784
46317;3;15439;7721;7718
46321;11;4211;2111;2100
46329;3;15443;7723;7720
46331;107;433;270;163
46333;7;6619;3313;3306
46339;149;311;230;81
46353;3;15451;7727;7724
46357;151;307;229;78
46363;71;653;362;291
46367;199;233;216;17
46369;89;521;305;216
46373;79;587;333;254
46379;19;2441;1230;1211
46383;3;15461;7732;7729
46385;5;9277;4641;4636
46387;11;4217;2114;2103
46391;23;2017;1020;997
46393;17;2729;1373;1356
46401;3;15467;7735;7732
46405;5;9281;4643;4638
46409;11;4219;2115;2104
46415;5;9283;4644;4639
46419;3;15473;7738;7735
46421;61;761;411;350
46423;13;3571;1792;1779
46427;17;2731;1374;1357
46429;29;1601;815;786
46433;59;787;423;364
46459;7;6637;3322;3315
46463;97;479;288;191
46465;5;9293;4649;4644
46469;31;1499;765;734
46479;3;15493;7748;7745
46481;53;877;465;412
46491;3;15497;7750;7747
46493;19;2447;1233;1214
46513;193;241;217;24
46517;181;257;219;38
46519;11;4229;2120;2109
46533;3;15511;7757;7754
46537;173;269;221;48
46541;11;4231;2121;2110
46547;89;523;306;217
46553;13;3581;1797;1784
46555;5;9311;4658;4653
46561;101;461;281;180
46571;7;6653;3330;3323
46577;47;991;519;472
46579;13;3583;1798;1785
46581;3;15527;7765;7762
46583;37;1259;648;611
46595;5;9319;4662;4657
46597;17;2741;1379;1362
46603;29;1607;818;789
46609;127;367;247;120
46613;7;6659;3333;3326
46615;5;9323;4664;4659
46621;23;2027;1025;1002
46623;3;15541;7772;7769
46627;7;6661;3334;3327
46637;149;313;231;82
46651;11;4241;2126;2115
46653;3;15551;7777;7774
46661;29;1609;819;790
46667;23;2029;1026;1003
46673;11;4243;2127;2116
46677;3;15559;7781;7778
46685;5;9337;4671;4666
46693;53;881;467;414
46705;5;9341;4673;4668
46707;3;15569;7786;7783
46709;13;3593;1803;1790
46711;7;6673;3340;3333
46715;5;9343;4674;4669
46721;19;2459;1239;1220
46729;83;563;323;240
46733;17;2749;1383;1366
46741;43;1087;565;522
46743;3;15581;7792;7789
46745;5;9349;4677;4672
46749;3;15583;7793;7790
46753;7;6679;3343;3336
46763;101;463;282;181
46777;29;1613;821;792
46783;11;4253;2132;2121
46789;71;659;365;294
46793;73;641;357;284
46799;53;883;468;415
46801;17;2753;1385;1368
46803;3;15601;7802;7799
46821;3;15607;7805;7802
46823;7;6689;3348;3341
46837;7;6691;3349;3342
46841;31;1511;771;740
46843;139;337;238;99
46847;79;593;336;257
46849;11;4259;2135;2124
46855;5;9371;4688;4683
46857;3;15619;7811;7808
46859;47;997;522;475
46871;11;4261;2136;2125
46873;19;2467;1243;1224
46883;173;271;222;49
46885;5;9377;4691;4686
46887;3;15629;7816;7813
46891;13;3607;1810;1797
46897;23;2039;1031;1008
46907;7;6701;3354;3347
46909;61;769;415;354
46913;43;1091;567;524
46921;7;6703;3355;3348
46923;3;15641;7822;7819
46927;167;281;224;57
46929;3;15643;7823;7820
46931;71;661;366;295
46939;73;643;358;285
46941;3;15647;7825;7822
46947;3;15649;7826;7823
46951;29;1619;824;795
46955;5;9391;4698;4693
46961;151;311;231;80
46963;7;6709;3358;3351
46967;67;701;384;317
46969;13;3613;1813;1800
46973;107;439;273;166
46979;109;431;270;161
46981;11;4271;2141;2130
46983;3;15661;7832;7829
46985;5;9397;4701;4696
46987;19;2473;1246;1227
46999;43;1093;568;525
47001;3;15667;7835;7832
47003;11;4273;2142;2131
47009;29;1621;825;796
47011;53;887;470;417
47013;3;15671;7837;7834
47015;5;9403;4704;4699
47021;13;3617;1815;1802
47023;59;797;428;369
47029;131;359;245;114
47033;7;6719;3363;3356
47037;3;15679;7841;7838
47039;17;2767;1392;1375
47049;3;15683;7843;7840
47053;211;223;217;6
47063;19;2477;1248;1229
47065;5;9413;4709;4704
47071;103;457;280;177
47077;179;263;221;42
47083;197;239;218;21
47095;5;9419;4712;4707
47099;13;3623;1818;1805
47105;5;9421;4713;4708
47113;11;4283;2147;2136
47131;7;6733;3370;3363
47153;61;773;417;356
47155;5;9431;4718;4713
47159;7;6737;3372;3365
47165;5;9433;4719;4714
47167;101;467;284;183
47171;43;1097;570;527
47179;11;4289;2150;2139
47181;3;15727;7865;7862
47183;29;1627;828;799
47185;5;9437;4721;4716
47191;41;1151;596;555
47193;3;15731;7867;7864
47195;5;9439;4722;4717
47197;109;433;271;162
47199;3;15733;7868;7865
47203;13;3631;1822;1809
47209;17;2777;1397;1380
47211;3;15737;7870;7867
47213;31;1523;777;746
47217;3;15739;7871;7868
47219;23;2053;1038;1015
47227;83;569;326;243
47231;73;647;360;287
47233;149;317;233;84
47239;97;487;292;195
47247;3;15749;7876;7873
47249;37;1277;657;620
47261;167;283;225;58
47263;151;313;232;81
47267;11;4297;2154;2143
47273;41;1153;597;556
47281;13;3637;1825;1812
47283;3;15761;7882;7879
47301;3;15767;7885;7882
47305;5;9461;4733;4728
47315;5;9463;4734;4729
47319;3;15773;7888;7885
47321;79;599;339;260
47323;37;1279;658;621
47327;7;6761;3384;3377
47335;5;9467;4736;4731
47341;7;6763;3385;3378
47347;113;419;266;153
47359;13;3643;1828;1815
47361;3;15787;7895;7892
47365;5;9473;4739;4734
47371;127;373;250;123
47373;3;15791;7897;7894
47391;3;15797;7900;7897
47393;83;571;327;244
47395;5;9479;4742;4737
47401;107;443;275;168
47409;3;15803;7903;7900
47413;17;2789;1403;1386
47423;47;1009;528;481
47427;3;15809;7906;7903
47429;43;1103;573;530
47447;17;2791;1404;1387
47449;23;2063;1043;1020
47451;3;15817;7910;7907
47453;7;6779;3393;3386
47455;5;9491;4748;4743
47461;31;1531;781;750
47467;7;6781;3394;3387
47469;3;15823;7913;7910
47471;37;1283;660;623
47473;29;1637;833;804
47477;197;241;219;22
47479;79;601;340;261
47483;103;461;282;179
47485;5;9497;4751;4746
47503;67;709;388;321
47537;7;6791;3399;3392
47539;137;347;242;105
47549;17;2797;1407;1390
47551;7;6793;3400;3393
47555;5;9511;4758;4753
47557;19;2503;1261;1242
47561;199;239;219;20
47567;13;3659;1836;1823
47573;113;421;267;154
47577;3;15859;7931;7928
47587;23;2069;1046;1023
47597;11;4327;2169;2158
47603;181;263;222;41
47605;5;9521;4763;4758
47611;47;1013;530;483
47617;17;2801;1409;1392
47621;7;6803;3405;3398
47627;97;491;294;197
47631;3;15877;7940;7937
47643;3;15881;7942;7939
47651;17;2803;1410;1393
47661;3;15887;7945;7942
47665;5;9533;4769;4764
47667;3;15889;7946;7943
47669;73;653;363;290
47683;41;1163;602;561
47687;43;1109;576;533
47689;103;463;283;180
47693;37;1289;663;626
47695;5;9539;4772;4767
47703;3;15901;7952;7949
47707;11;4337;2174;2163
47721;3;15907;7955;7952
47723;13;3671;1842;1829
47729;11;4339;2175;2164
47731;59;809;434;375
47735;5;9547;4776;4771
47739;3;15913;7958;7955
47749;13;3673;1843;1830
47755;5;9551;4778;4773
47757;3;15919;7961;7958
47759;163;293;228;65
47761;7;6823;3415;3408
47767;37;1291;664;627
47769;3;15923;7963;7960
47783;71;673;372;301
47789;7;6827;3417;3410
47801;13;3677;1845;1832
47803;7;6829;3418;3411
47811;3;15937;7970;7967
47813;137;349;243;106
47831;7;6833;3420;3413
47833;31;1543;787;756
47839;11;4349;2180;2169
47849;59;811;435;376
47851;109;439;274;165
47863;23;2081;1052;1029
47867;151;317;234;83
47877;3;15959;7981;7978
47887;7;6841;3424;3417
47891;83;577;330;247
47893;47;1019;533;486
47897;211;227;219;8
47899;19;2521;1270;1251
47909;23;2083;1053;1030
47913;3;15971;7987;7984
47919;3;15973;7988;7985
47921;173;277;225;52
47923;17;2819;1418;1401
47927;11;4357;2184;2173
47935;5;9587;4796;4791
47941;191;251;221;30
47953;79;607;343;264
47959;199;241;220;21
47973;3;15991;7997;7994
47983;13;3691;1852;1839
47987;47;1021;534;487
47989;37;1297;667;630
47993;11;4363;2187;2176
47999;7;6857;3432;3425
48001;23;2087;1055;1032
48003;3;16001;8002;7999
48005;5;9601;4803;4798
48007;61;787;424;363
48011;41;1171;606;565
48019;31;1549;790;759
48021;3;16007;8005;8002
48031;43;1117;580;537
48041;7;6863;3435;3428
48043;107;449;278;171
48047;23;2089;1056;1033
48053;29;1657;843;814
48061;13;3697;1855;1842
48065;5;9613;4809;4804
48067;71;677;374;303
48071;53;907;480;427
48077;131;367;249;118
48083;7;6869;3438;3431
48089;19;2531;1275;1256
48095;5;9619;4812;4807
48097;7;6871;3439;3432
48099;3;16033;8018;8015
48101;103;467;285;182
48103;11;4373;2192;2181
48107;73;659;366;293
48113;13;3701;1857;1844
48115;5;9623;4814;4809
48133;127;379;253;126
48137;37;1301;669;632
48143;31;1553;792;761
48145;5;9629;4817;4812
48149;89;541;315;226
48151;179;269;224;45
48155;5;9631;4818;4813
48161;17;2833;1425;1408
48171;3;16057;8030;8027
48173;67;719;393;326
48181;7;6883;3445;3438
48183;3;16061;8032;8029
48189;3;16063;8033;8030
48199;157;307;232;75
48201;3;16067;8035;8032
48207;3;16069;8036;8033
48211;37;1303;670;633
48215;5;9643;4824;4819
48217;13;3709;1861;1848
48219;3;16073;8038;8035
48227;29;1663;846;817
48229;17;2837;1427;1410
48233;139;347;243;104
48241;19;2539;1279;1260
48245;5;9649;4827;4822
48253;73;661;367;294
48261;3;16087;8045;8042
48273;3;16091;8047;8044
48277;23;2099;1061;1038
48283;53;911;482;429
48287;109;443;276;167
48289;43;1123;583;540
48291;3;16097;8050;8047
48293;7;6899;3453;3446
48301;11;4391;2201;2190
48305;5;9661;4833;4828
48309;3;16103;8053;8050
48317;19;2543;1281;1262
48319;211;229;220;9
48329;31;1559;795;764
48331;17;2843;1430;1413
48333;3;16111;8057;8054
48343;29;1667;848;819
48347;13;3719;1866;1853
48349;7;6907;3457;3450
48359;37;1307;672;635
48361;137;353;245;108
48367;11;4397;2204;2193
48377;7;6911;3459;3452
48379;101;479;290;189
48381;3;16127;8065;8062
48385;5;9677;4841;4836
48395;5;9679;4842;4837
48401;29;1669;849;820
48403;97;499;298;201
48417;3;16139;8071;8068
48419;7;6917;3462;3455
48421;41;1181;611;570
48423;3;16141;8072;8069
48427;79;613;346;267
48431;19;2549;1284;1265
48439;59;821;440;381
48443;193;251;222;29
48445;5;9689;4847;4842
48451;13;3727;1870;1857
48457;47;1031;539;492
48467;17;2851;1434;1417
48469;19;2551;1285;1266
48485;5;9697;4851;4846
48493;71;683;377;306
48499;11;4409;2210;2199
48509;179;271;225;46
48511;139;349;244;105
48529;13;3733;1873;1860
48547;43;1129;586;543
48549;3;16183;8093;8090
48551;47;1033;540;493
48553;23;2111;1067;1044
48557;59;823;441;382
48561;3;16187;8095;8092
48567;3;16189;8096;8093
48569;17;2857;1437;1420
48577;31;1567;799;768
48579;3;16193;8098;8095
48583;19;2557;1288;1269
48595;5;9719;4862;4857
48599;23;2113;1068;1045
48605;5;9721;4863;4858
48607;13;3739;1876;1863
48613;173;281;227;54
48617;61;797;429;368
48629;7;6947;3477;3470
48631;11;4421;2216;2205
48637;17;2861;1439;1422
48641;127;383;255;128
48643;7;6949;3478;3471
48651;3;16217;8110;8107
48653;11;4423;2217;2206
48665;5;9733;4869;4864
48667;41;1187;614;573
48669;3;16223;8113;8110
48683;89;547;318;229
48687;3;16229;8116;8113
48689;181;269;225;44
48693;3;16231;8117;8114
48695;5;9739;4872;4867
48701;31;1571;801;770
48703;113;431;272;159
48707;53;919;486;433
48709;67;727;397;330
48713;7;6959;3483;3476
48715;5;9743;4874;4869
48721;83;587;335;252
48727;7;6961;3484;3477
48743;79;617;348;269
48745;5;9749;4877;4872
48747;3;16249;8126;8123
48759;3;16253;8128;8125
48769;7;6967;3487;3480
48791;97;503;300;203
48793;59;827;443;384
48797;7;6971;3489;3482
48801;3;16267;8135;8132
48803;37;1319;678;641
48819;3;16273;8138;8135
48827;157;311;234;77
48833;47;1039;543;496
48835;5;9767;4886;4881
48839;7;6977;3492;3485
48845;5;9769;4887;4882
48851;11;4441;2226;2215
48863;131;373;252;121
48877;37;1321;679;642
48881;7;6983;3495;3488
48893;13;3761;1887;1874
48899;107;457;282;175
48901;79;619;349;270
48903;3;16301;8152;8149
48905;5;9781;4893;4888
48911;59;829;444;385
48913;41;1193;617;576
48917;11;4447;2229;2218
48929;113;433;273;160
48931;167;293;230;63
48935;5;9787;4896;4891
48937;7;6991;3499;3492
48941;109;449;279;170
48943;17;2879;1448;1431
48949;31;1579;805;774
48955;5;9791;4898;4893
48957;3;16319;8161;8158
48959;173;283;228;55
48961;11;4451;2231;2220
48967;23;2129;1076;1053
48971;13;3767;1890;1877
48979;7;6997;3502;3495
48997;13;3769;1891;1878
48999;3;16333;8168;8165
49001;19;2579;1299;1280
49007;7;7001;3504;3497
49013;23;2131;1077;1054
49015;5;9803;4904;4899
49017;3;16339;8171;8168
49027;11;4457;2234;2223
49047;3;16349;8176;8173
49051;181;271;226;45
49055;5;9811;4908;4903
49061;71;691;381;310
49067;139;353;246;107
49073;31;1583;807;776
49079;17;2887;1452;1435
49083;3;16361;8182;8179
49085;5;9817;4911;4906
49087;191;257;224;33
49089;3;16363;8183;8180
49091;7;7013;3510;3503
49093;11;4463;2237;2226
49097;29;1693;861;832
49099;37;1327;682;645
49107;3;16369;8186;8183
49111;67;733;400;333
49127;13;3779;1896;1883
49129;73;673;373;300
49133;7;7019;3513;3506
49141;157;313;235;78
49143;3;16381;8192;8189
49145;5;9829;4917;4912
49151;23;2137;1080;1057
49163;211;233;222;11
49165;5;9833;4919;4914
49183;137;359;248;111
49187;101;487;294;193
49189;7;7027;3517;3510
49195;5;9839;4922;4917
49213;29;1697;863;834
49219;83;593;338;255
49229;19;2591;1305;1286
49233;3;16411;8207;8204
49237;53;929;491;438
49241;41;1201;621;580
49243;23;2141;1082;1059
49249;17;2897;1457;1440
49251;3;16417;8210;8207
49255;5;9851;4928;4923
49263;3;16421;8212;8209
49267;19;2593;1306;1287
49271;29;1699;864;835
49273;7;7039;3523;3516
49281;3;16427;8215;8212
49285;5;9857;4931;4926
49289;23;2143;1083;1060
49291;11;4481;2246;2235
49295;5;9859;4932;4927
49299;3;16433;8218;8215
49301;7;7043;3525;3518
49303;47;1049;548;501
49309;13;3793;1903;1890
49313;11;4483;2247;2236
49319;149;331;240;91
49327;107;461;284;177
49337;103;479;291;188
49341;3;16447;8225;8222
49349;61;809;435;374
49351;17;2903;1460;1443
49353;3;16451;8227;8224
49355;5;9871;4938;4933
49359;3;16453;8228;8225
49361;13;3797;1905;1892
49373;97;509;303;206
49397;47;1051;549;502
49399;7;7057;3532;3525
49403;127;389;258;131
49415;5;9883;4944;4939
49421;73;677;375;302
49423;11;4493;2252;2241
49431;3;16477;8240;8237
49435;5;9887;4946;4941
49439;13;3803;1908;1895
49443;3;16481;8242;8239
49447;197;251;224;27
49453;17;2909;1463;1446
49461;3;16487;8245;8242
49471;61;811;436;375
49479;3;16493;8248;8245
49483;7;7069;3538;3531
49493;43;1151;597;554
49501;59;839;449;390
49505;5;9901;4953;4948
49507;31;1597;814;783
49513;67;739;403;336
49519;23;2153;1088;1065
49535;5;9907;4956;4951
49541;107;463;285;178
49553;7;7079;3543;3536
49557;3;16519;8261;8258
49561;29;1709;869;840
49571;19;2609;1314;1295
49573;89;557;323;234
49577;11;4507;2259;2248
49579;43;1153;598;555
49583;179;277;228;49
49587;3;16529;8266;8263
49589;17;2917;1467;1450
49591;101;491;296;195
49601;193;257;225;32
49607;113;439;276;163
49615;5;9923;4964;4959
49631;31;1601;816;785
49641;3;16547;8275;8272
49643;11;4513;2262;2251
49645;5;9929;4967;4962
49649;131;379;255;124
49655;5;9931;4968;4963
49659;3;16553;8278;8275
49661;53;937;495;442
49673;13;3821;1917;1904
49683;3;16561;8282;8279
49687;11;4517;2264;2253
49699;13;3823;1918;1905
49701;3;16567;8285;8282
49703;23;2161;1092;1069
49705;5;9941;4973;4968
49709;11;4519;2265;2254
49717;83;599;341;258
49719;3;16573;8288;8285
49721;7;7103;3555;3548
49723;19;2617;1318;1299
49729;223;223;223;0
49733;41;1213;627;586
49745;5;9949;4977;4972
49753;11;4523;2267;2256
49759;17;2927;1472;1455
49763;7;7109;3558;3551
49769;157;317;237;80
49771;71;701;386;315
49781;67;743;405;338
49799;19;2621;1320;1301
49809;3;16603;8303;8300
49813;109;457;283;174
49817;31;1607;819;788
49821;3;16607;8305;8302
49829;13;3833;1923;1910
49835;5;9967;4986;4981
49847;7;7121;3564;3557
49849;79;631;355;276
49857;3;16619;8311;8308
49859;73;683;378;305
49865;5;9973;4989;4984
49867;47;1061;554;507
49873;53;941;497;444
49879;31;1609;820;789
49883;83;601;342;259
49889;7;7127;3567;3560
49893;3;16631;8317;8314
49897;41;1217;629;588
49899;3;16633;8318;8315
49901;139;359;249;110
49903;7;7129;3568;3561
49909;29;1721;875;846
49947;3;16649;8326;8323
49949;199;251;225;26
49953;3;16651;8327;8324
49961;47;1063;555;508
49963;17;2939;1478;1461
49967;29;1723;876;847
49969;107;467;287;180
49971;3;16657;8330;8327
49981;151;331;241;90
49983;3;16661;8332;8329
50003;31;1613;822;791
50009;43;1163;603;560
50011;13;3847;1930;1917
50017;11;4547;2279;2268
50019;3;16673;8338;8335
50027;19;2633;1326;1307
50035;5;10007;5006;5001
50039;11;4549;2280;2269
50041;163;307;235;72
50045;5;10009;5007;5002
50057;7;7151;3579;3572
50059;113;443;278;165
50063;13;3851;1932;1919
50073;3;16691;8347;8344
50079;3;16693;8348;8345
50081;61;821;441;380
50089;13;3853;1933;1920
50097;3;16699;8351;8348
50107;89;563;326;237
50109;3;16703;8353;8350
50113;7;7159;3583;3576
50117;23;2179;1101;1078
50137;181;277;229;48
50143;41;1223;632;591
50161;103;487;295;192
50171;11;4561;2286;2275
50173;131;383;257;126
50185;5;10037;5021;5016
50187;3;16729;8366;8363
50189;31;1619;825;794
50191;53;947;500;447
50195;5;10039;5022;5017
50201;17;2953;1485;1468
50203;61;823;442;381
50213;149;337;243;94
50219;13;3863;1938;1925
50223;3;16741;8372;8369
50233;191;263;227;36
50237;11;4567;2289;2278
50239;7;7177;3592;3585
50241;3;16747;8375;8372
50243;47;1069;558;511
50249;109;461;285;176
50251;31;1621;826;795
50257;29;1733;881;852
50269;17;2957;1487;1470
50277;3;16759;8381;8378
50279;137;367;252;115
50289;3;16763;8383;8380
50293;19;2647;1333;1314
50299;179;281;230;51
50305;5;10061;5033;5028
50309;7;7187;3597;3590
50317;67;751;409;342
50327;59;853;456;397
50335;5;10067;5036;5031
50339;71;709;390;319
50345;5;10069;5037;5032
50351;7;7193;3600;3593
50353;43;1171;607;564
50357;37;1361;699;662
50361;3;16787;8395;8392
50371;17;2963;1490;1473
50381;83;607;345;262
50389;41;1229;635;594
50395;5;10079;5042;5037
50399;101;499;300;199
50401;13;3877;1945;1932
50413;11;4583;2297;2286
50419;127;397;262;135
50429;211;239;225;14
50433;3;16811;8407;8404
50437;31;1627;829;798
50443;73;691;382;309
50447;61;827;444;383
50449;7;7207;3607;3600
50453;13;3881;1947;1934
50455;5;10091;5048;5043
50465;5;10093;5049;5044
50467;109;463;286;177
50469;3;16823;8413;8410
50471;41;1231;636;595
50473;17;2969;1493;1476
50477;7;7211;3609;3602
50483;19;2657;1338;1319
50487;3;16829;8416;8413
50489;29;1741;885;856
50491;7;7213;3610;3603
50493;3;16831;8417;8414
50495;5;10099;5052;5047
50501;11;4591;2301;2290
50507;17;2971;1494;1477
50509;53;953;503;450
50515;5;10103;5054;5049
50521;19;2659;1339;1320
50529;3;16843;8423;8420
50533;7;7219;3613;3606
50537;97;521;309;212
50555;5;10111;5058;5053
50557;13;3889;1951;1938
50563;59;857;458;399
50567;11;4597;2304;2293
50569;61;829;445;384
50573;103;491;297;194
50579;37;1367;702;665
50597;19;2663;1341;1322
50603;7;7229;3618;3611
50613;3;16871;8437;8434
50621;223;227;225;2
50629;197;257;227;30
50633;11;4603;2307;2296
50637;3;16879;8441;8438
50639;79;641;360;281
50641;89;569;329;240
50649;3;16883;8443;8440
50657;179;283;231;52
50659;7;7237;3622;3615
50663;29;1747;888;859
50665;5;10133;5069;5064
50667;3;16889;8446;8443
50669;23;2203;1113;1090
50681;59;859;459;400
50689;173;293;233;60
50693;163;311;237;74
50695;5;10139;5072;5067
50701;7;7243;3625;3618
50703;3;16901;8452;8449
50705;5;10141;5073;5068
50709;3;16903;8453;8450
50717;41;1237;639;598
50719;67;757;412;345
50729;7;7247;3627;3620
50731;97;523;310;213
50737;113;449;281;168
50747;31;1637;834;803
50749;19;2671;1345;1326
50755;5;10151;5078;5073
50759;193;263;228;35
50761;23;2207;1115;1092
50763;3;16921;8462;8459
50771;7;7253;3630;3623
50781;3;16927;8465;8462
50783;43;1181;612;569
50791;13;3907;1960;1947
50793;3;16931;8467;8464
50795;5;10159;5082;5077
50797;79;643;361;282
50801;37;1373;705;668
50803;101;503;302;201
50811;3;16937;8470;8467
50815;5;10163;5084;5079
50819;89;571;330;241
50829;3;16943;8473;8470
50831;11;4621;2316;2305
50837;29;1753;891;862
50843;13;3911;1962;1949
50845;5;10169;5087;5082
50851;211;241;226;15
50861;181;281;231;50
50863;19;2677;1348;1329
50879;83;613;348;265
50885;5;10177;5091;5086
50887;151;337;244;93
50889;3;16963;8483;8480
50899;23;2213;1118;1095
50903;109;467;288;179
50905;5;10181;5093;5088
50917;59;863;461;402
50921;13;3917;1965;1952
50927;127;401;264;137
50937;3;16979;8491;8488
50943;3;16981;8492;8489
50947;13;3919;1966;1953
50959;131;389;260;129
50961;3;16987;8495;8492
50965;5;10193;5099;5094
50977;19;2683;1351;1332
50979;3;16993;8498;8495
50981;7;7283;3645;3638
50983;17;2999;1508;1491
50987;67;761;414;347
50999;13;3923;1968;1955
51007;11;4637;2324;2313
51011;29;1759;894;865
51013;139;367;253;114
51017;17;3001;1509;1492
51019;163;313;238;75
51029;11;4639;2325;2314
51033;3;17011;8507;8504
51041;43;1187;615;572
51049;71;719;395;324
51053;19;2687;1353;1334
51055;5;10211;5108;5103
51063;3;17021;8512;8509
51067;223;229;226;3
51073;11;4643;2327;2316
51077;13;3929;1971;1958
51079;7;7297;3652;3645
51081;3;17027;8515;8512
51083;23;2221;1122;1099
51087;3;17029;8516;8513
51089;47;1087;567;520
51091;19;2689;1354;1335
51097;37;1381;709;672
51099;3;17033;8518;8515
51101;137;373;255;118
51103;13;3931;1972;1959
51113;79;647;363;284
51115;5;10223;5114;5109
51123;3;17041;8522;8519
51139;11;4649;2330;2319
51141;3;17047;8525;8522
51143;199;257;228;29
51149;7;7307;3657;3650
51159;3;17053;8528;8525
51161;11;4651;2331;2320
51163;7;7309;3658;3651
51167;19;2693;1356;1337
51173;73;701;387;314
51179;61;839;450;389
51187;17;3011;1514;1497
51209;41;1249;645;604
51211;83;617;350;267
51215;5;10243;5124;5119
51223;181;283;232;51
51227;11;4657;2334;2323
51231;3;17077;8540;8537
51235;5;10247;5126;5121
51247;7;7321;3664;3657
51251;53;967;510;457
51253;107;479;293;186
51259;13;3943;1978;1965
51265;5;10253;5129;5124
51269;167;307;237;70
51277;47;1091;569;522
51279;3;17093;8548;8545
51281;19;2699;1359;1340
51293;11;4663;2337;2326
51295;5;10259;5132;5127
51297;3;17099;8551;8548
51299;43;1193;618;575
51311;13;3947;1980;1967
51317;7;7331;3669;3662
51321;3;17107;8555;8552
51323;17;3019;1518;1501
51331;7;7333;3670;3663
51335;5;10267;5136;5131
51351;3;17117;8560;8557
51353;89;577;333;244
51355;5;10271;5138;5133
51365;5;10273;5139;5134
51367;31;1657;844;813
51369;3;17123;8563;8560
51371;47;1093;570;523
51377;83;619;351;268
51379;191;269;230;39
51391;17;3023;1520;1503
51397;103;499;301;198
51403;11;4673;2342;2331
51409;101;509;305;204
51411;3;17137;8570;8567
51433;19;2707;1363;1344
51443;7;7349;3678;3671
51445;5;10289;5147;5142
51451;23;2237;1130;1107
51457;7;7351;3679;3672
51463;53;971;512;459
51469;11;4679;2345;2334
51477;3;17159;8581;8578
51497;23;2239;1131;1108
51501;3;17167;8585;8582
51505;5;10301;5153;5148
51509;19;2711;1365;1346
51515;5;10303;5154;5149
51523;67;769;418;351
51529;227;227;227;0
51533;29;1777;903;874
51547;19;2713;1366;1347
51549;3;17183;8593;8590
51553;31;1663;847;816
51559;47;1097;572;525
51565;5;10313;5159;5154
51567;3;17189;8596;8593
51571;13;3967;1990;1977
51573;3;17191;8597;8594
51583;7;7369;3688;3681
51587;79;653;366;287
51589;23;2243;1133;1110
51601;11;4691;2351;2340
51605;5;10321;5163;5158
51609;3;17203;8603;8600
51617;71;727;399;328
51619;41;1259;650;609
51621;3;17207;8605;8602
51627;3;17209;8606;8603
51629;17;3037;1527;1510
51641;113;457;285;172
51643;43;1201;622;579
51655;5;10331;5168;5163
51661;19;2719;1369;1350
51665;5;10333;5169;5164
51671;163;317;240;77
51677;31;1667;849;818
51685;5;10337;5171;5166
51693;3;17231;8617;8614
51697;17;3041;1529;1512
51703;149;347;248;99
51707;29;1783;906;877
51715;5;10343;5174;5169
51717;3;17239;8621;8618
51733;11;4703;2357;2346
51739;31;1669;850;819
51743;59;877;468;409
51751;7;7393;3700;3693
51757;73;709;391;318
51761;191;271;231;40
51763;37;1399;718;681
51771;3;17257;8630;8627
51773;23;2251;1137;1114
51781;53;977;515;462
51785;5;10357;5181;5176
51791;67;773;420;353
51809;103;503;303;200
51811;197;263;230;33
51823;29;1787;908;879
51833;17;3049;1533;1516
51841;47;1103;575;528
51845;5;10369;5187;5182
51847;139;373;256;117
51851;19;2729;1374;1355
51857;13;3989;2001;1988
51873;3;17291;8647;8644
51877;7;7411;3709;3702
51879;3;17293;8648;8645
51881;29;1789;909;880
51889;19;2731;1375;1356
51897;3;17299;8651;8648
51917;193;269;231;38
51919;7;7417;3712;3705
51923;137;379;258;121
51931;11;4721;2366;2355
51937;167;311;239;72
51943;127;409;268;141
51951;3;17317;8660;8657
51953;11;4723;2367;2356
51955;5;10391;5198;5193
51959;223;233;228;5
51963;3;17321;8662;8659
51967;157;331;244;87
51979;59;881;470;411
51981;3;17327;8665;8662
51983;227;229;228;1
51995;5;10399;5202;5197
51999;3;17333;8668;8665
52001;149;349;249;100
52007;131;397;264;133
52013;13;4001;2007;1994
52019;11;4729;2370;2359
52023;3;17341;8672;8669
52031;7;7433;3720;3713
52033;61;853;457;396
52037;17;3061;1539;1522
52039;13;4003;2008;1995
52043;71;733;402;331
52053;3;17351;8677;8674
52061;79;659;369;290
52063;11;4733;2372;2361
52077;3;17359;8681;8678
52079;19;2741;1380;1361
52091;13;4007;2010;1997
52093;113;461;287;174
52097;59;883;471;412
52099;53;983;518;465
52109;107;487;297;190
52123;47;1109;578;531
52131;3;17377;8690;8687
52133;37;1409;723;686
52135;5;10427;5216;5211
52139;17;3067;1542;1525
52141;23;2267;1145;1122
52145;5;10429;5217;5212
52149;3;17383;8693;8690
52157;7;7451;3729;3722
52159;43;1213;628;585
52161;3;17387;8695;8692
52165;5;10433;5219;5214
52167;3;17389;8696;8693
52169;13;4013;2013;2000
52179;3;17393;8698;8695
52187;23;2269;1146;1123
52199;7;7457;3732;3725
52203;3;17401;8702;8699
52211;109;479;294;185
52213;7;7459;3733;3726
52219;79;661;370;291
52229;29;1801;915;886
52231;19;2749;1384;1365
52243;89;587;338;249
52247;13;4019;2016;2003
52251;3;17417;8710;8707
52257;3;17419;8711;8708
52261;11;4751;2381;2370
52265;5;10453;5229;5224
52271;167;313;240;73
52273;13;4021;2017;2004
52277;61;857;459;398
52279;23;2273;1148;1125
52285;5;10457;5231;5226
52293;3;17431;8717;8714
52295;5;10459;5232;5227
52303;193;271;232;39
52307;19;2753;1386;1367
52315;5;10463;5234;5229
52319;113;463;288;175
52329;3;17443;8723;8720
52331;43;1217;630;587
52333;59;887;473;414
52337;199;263;231;32
52339;7;7477;3742;3735
52343;17;3079;1548;1531
52347;3;17449;8726;8723
52349;11;4759;2385;2374
52351;13;4027;2020;2007
52357;41;1277;659;618
52367;7;7481;3744;3737
52373;83;631;357;274
52385;5;10477;5241;5236
52397;151;347;249;98
52399;61;859;460;399
52401;3;17467;8735;8732
52409;7;7487;3747;3740
52411;17;3083;1550;1533
52413;3;17471;8737;8734
52423;7;7489;3748;3741
52427;103;509;306;203
52431;3;17477;8740;8737
52435;5;10487;5246;5241
52439;41;1279;660;619
52441;229;229;229;0
52447;179;293;236;57
52449;3;17483;8743;8740
52463;23;2281;1152;1129
52467;3;17489;8746;8743
52469;71;739;405;334
52471;137;383;260;123
52473;3;17491;8747;8744
52477;97;541;319;222
52483;31;1693;862;831
52487;73;719;396;323
52491;3;17497;8750;8747
52493;7;7499;3753;3746
52495;5;10499;5252;5247
52499;47;1117;582;535
52505;5;10501;5253;5248
52513;17;3089;1553;1536
52519;29;1811;920;891
52523;53;991;522;469
52527;3;17509;8756;8753
52531;131;401;266;135
52537;107;491;299;192
52549;7;7507;3757;3750
52557;3;17519;8761;8758
52565;5;10513;5259;5254
52573;19;2767;1393;1374
52589;43;1223;633;590
52597;149;353;251;102
52601;23;2287;1155;1132
52603;41;1283;662;621
52607;31;1697;864;833
52613;11;4783;2397;2386
52617;3;17539;8771;8768
52619;7;7517;3762;3755
52621;101;521;311;210
52637;13;4049;2031;2018
52643;61;863;462;401
52645;5;10529;5267;5262
52651;37;1423;730;693
52653;3;17551;8777;8774
52655;5;10531;5268;5263
52657;11;4787;2399;2388
52661;7;7523;3765;3758
52663;13;4051;2032;2019
52669;31;1699;865;834
52679;11;4789;2400;2389
52681;139;379;259;120
52699;151;349;250;99
52703;7;7529;3768;3761
52707;3;17569;8786;8783
52719;3;17573;8788;8785
52723;11;4793;2402;2391
52729;67;787;427;360
52737;3;17579;8791;8788
52739;23;2293;1158;1135
52741;13;4057;2035;2022
52743;3;17581;8792;8789
52753;71;743;407;336
52759;7;7537;3772;3765
52763;19;2777;1398;1379
52771;113;467;290;177
52777;89;593;341;252
52781;47;1123;585;538
52787;7;7541;3774;3767
52789;11;4799;2405;2394
52791;3;17597;8800;8797
52795;5;10559;5282;5277
52797;3;17599;8801;8798
52799;37;1427;732;695
52811;11;4801;2406;2395
52823;101;523;312;211
52827;3;17609;8806;8803
52829;7;7547;3777;3770
52831;23;2297;1160;1137
52835;5;10567;5286;5281
52841;53;997;525;472
52843;7;7549;3778;3771
52847;43;1229;636;593
52849;41;1289;665;624
52853;17;3109;1563;1546
52867;29;1823;926;897
52869;3;17623;8813;8810
52873;37;1429;733;696
52881;3;17627;8815;8812
52891;227;233;230;3
52907;191;277;234;43
52909;157;337;247;90
52913;7;7559;3783;3776
52927;7;7561;3784;3777
52931;41;1291;666;625
52933;43;1231;637;594
52939;167;317;242;75
52943;11;4813;2412;2401
52945;5;10589;5297;5292
52949;13;4073;2043;2030
52961;211;251;231;20
52971;3;17657;8830;8827
52977;3;17659;8831;8828
52979;31;1709;870;839
52985;5;10597;5301;5296
52987;11;4817;2414;2403
52991;19;2789;1404;1385
52993;197;269;233;36
53005;5;10601;5303;5298
53007;3;17669;8836;8833
53011;7;7573;3790;3783
53021;37;1433;735;698
53023;17;3119;1568;1551
53027;13;4079;2046;2033
53029;19;2791;1405;1386
53033;181;293;237;56
53035;5;10607;5306;5301
53039;7;7577;3792;3785
53043;3;17681;8842;8839
53049;3;17683;8843;8840
53057;17;3121;1569;1552
53059;97;547;322;225
53063;47;1129;588;541
53065;5;10613;5309;5304
53071;73;727;400;327
53081;7;7583;3795;3788
53083;109;487;298;189
53099;29;1831;930;901
53107;23;2309;1166;1143
53111;173;307;240;67
53121;3;17707;8855;8852
53123;7;7589;3798;3791
53135;5;10627;5316;5311
53137;7;7591;3799;3792
53139;3;17713;8858;8855
53141;11;4831;2421;2410
53143;19;2797;1408;1389
53153;23;2311;1167;1144
53155;5;10631;5318;5313
53167;79;673;376;297
53177;41;1297;669;628
53183;13;4091;2052;2039
53187;3;17729;8866;8863
53191;43;1237;640;597
53195;5;10639;5322;5317
53203;83;641;362;279
53209;13;4093;2053;2040
53211;3;17737;8870;8867
53213;127;419;273;146
53219;19;2801;1410;1391
53221;7;7603;3805;3798
53237;139;383;261;122
53241;3;17747;8875;8872
53243;37;1439;738;701
53247;3;17749;8876;8873
53249;7;7607;3807;3800
53255;5;10651;5328;5323
53257;19;2803;1411;1392
53283;3;17761;8882;8879
53285;5;10657;5331;5326
53287;13;4099;2056;2043
53293;137;389;263;126
53297;223;239;231;8
53303;151;353;252;101
53311;89;599;344;255
53315;5;10663;5334;5329
53321;71;751;411;340
53329;17;3137;1577;1560
53335;5;10667;5336;5331
53341;41;1301;671;630
53347;7;7621;3814;3807
53349;3;17783;8893;8890
53351;31;1721;876;845
53357;229;233;231;2
53367;3;17789;8896;8893
53369;83;643;363;280
53373;3;17791;8897;8894
53387;197;271;234;37
53393;107;499;303;196
53399;67;797;432;365
53413;31;1723;877;846
53421;3;17807;8905;8902
53423;41;1303;672;631
53435;5;10687;5346;5341
53443;13;4111;2062;2049
53455;5;10691;5348;5343
53461;193;277;235;42
53467;127;421;274;147
53471;11;4861;2436;2425
53473;7;7639;3823;3816
53477;53;1009;531;478
53481;3;17827;8915;8912
53483;79;677;378;299
53489;89;601;345;256
53491;149;359;254;105
53497;61;877;469;408
53501;7;7643;3825;3818
53509;73;733;403;330
53511;3;17837;8920;8917
53513;59;907;483;424
53517;3;17839;8921;8918
53519;109;491;300;191
53531;199;269;234;35
53539;37;1447;742;705
53543;7;7649;3828;3821
53545;5;10709;5357;5352
53553;3;17851;8927;8924
53555;5;10711;5358;5353
53561;19;2819;1419;1400
53563;29;1847;938;909
53579;131;409;270;139
53581;11;4871;2441;2430
53587;41;1307;674;633
53589;3;17863;8933;8930
53615;5;10723;5364;5359
53643;3;17881;8942;8939
53645;5;10729;5367;5362
53647;11;4877;2444;2433
53651;13;4127;2070;2057
53659;23;2333;1178;1155
53663;103;521;312;209
53665;5;10733;5369;5364
53671;191;281;236;45
53673;3;17891;8947;8944
53677;13;4129;2071;2058
53683;7;7669;3838;3831
53687;37;1451;744;707
53689;53;1013;533;480
53695;5;10739;5372;5367
53701;83;647;365;282
53707;43;1249;646;603
53709;3;17903;8953;8950
53711;7;7673;3840;3833
53723;31;1733;882;851
53727;3;17909;8956;8953
53729;13;4133;2073;2060
53733;3;17911;8957;8954
53741;61;881;471;410
53743;223;241;232;9
53747;71;757;414;343
53749;59;911;485;426
53761;37;1453;745;708
53763;3;17921;8962;8959
53765;5;10753;5379;5374
53767;7;7681;3844;3837
53769;3;17923;8963;8960
53771;17;3163;1590;1573
53779;11;4889;2450;2439
53787;3;17929;8966;8963
53797;23;2339;1181;1158
53803;173;311;242;69
53807;13;4139;2076;2063
53809;7;7687;3847;3840
53817;3;17939;8971;8968
53821;107;503;305;198
53827;19;2833;1426;1407
53837;7;7691;3849;3842
53839;17;3167;1592;1575
53843;23;2341;1182;1159
53855;5;10771;5388;5383
53863;61;883;472;411
53869;103;523;313;210
53871;3;17957;8980;8977
53873;17;3169;1593;1576
53877;3;17959;8981;8978
53893;7;7699;3853;3846
53903;19;2837;1428;1409
53905;5;10781;5393;5388
53913;3;17971;8987;8984
53921;7;7703;3855;3848
53929;199;271;235;36
53931;3;17977;8990;8987
53933;11;4903;2457;2446
53943;3;17981;8992;8989
53945;5;10789;5397;5392
53947;73;739;406;333
53953;163;331;247;84
53957;79;683;381;302
53961;3;17987;8995;8992
53967;3;17989;8996;8993
53969;29;1861;945;916
53971;31;1741;886;855
53981;23;2347;1185;1162
53983;37;1459;748;711
53989;13;4153;2083;2070
53995;5;10799;5402;5397
53999;11;4909;2460;2449
54007;53;1019;536;483
54017;19;2843;1431;1412
54019;7;7717;3862;3855
54023;89;607;348;259
54029;97;557;327;230
54031;71;761;416;345
54039;3;18013;9008;9005
54041;13;4157;2085;2072
54053;191;283;237;46
54061;7;7723;3865;3858
54067;13;4159;2086;2073
54071;139;389;264;125
54073;23;2351;1187;1164
54077;17;3181;1599;1582
54079;41;1319;680;639
54089;7;7727;3867;3860
54097;47;1151;599;552
54107;61;887;474;413
54109;11;4919;2465;2454
54113;53;1021;537;484
54123;3;18041;9022;9019
54127;113;479;296;183
54129;3;18043;9023;9020
54137;43;1259;651;608
54141;3;18047;9025;9022
54143;29;1867;948;919
54147;3;18049;9026;9023
54149;173;313;243;70
54155;5;10831;5418;5413
54157;31;1747;889;858
54161;41;1321;681;640
54169;19;2851;1435;1416
54177;3;18059;9031;9028
54179;17;3187;1602;1585
54183;3;18061;9032;9029
54185;5;10837;5421;5416
54187;7;7741;3874;3867
54191;47;1153;600;553
54199;83;653;368;285
54203;67;809;438;371
54209;151;359;255;104
54211;23;2357;1190;1167
54221;59;919;489;430
54227;211;257;234;23
54231;3;18077;9040;9037
54233;193;281;237;44
54235;5;10847;5426;5421
54239;73;743;408;335
54241;11;4931;2471;2460
54247;17;3191;1604;1587
54253;227;239;233;6
54259;29;1871;950;921
54263;11;4933;2472;2461
54265;5;10853;5429;5424
54267;3;18089;9046;9043
54271;7;7753;3880;3873
54283;19;2857;1438;1419
54289;233;233;233;0
54291;3;18097;9050;9047
54295;5;10859;5432;5427
54299;7;7757;3882;3875
54301;13;4177;2095;2082
54305;5;10861;5433;5428
54307;11;4937;2474;2463
54313;7;7759;3883;3876
54317;29;1873;951;922
54335;5;10867;5436;5431
54337;67;811;439;372
54343;31;1753;892;861
54357;3;18119;9061;9058
54359;19;2861;1440;1421
54363;3;18121;9062;9059
54373;11;4943;2477;2466
54381;3;18127;9065;9062
54389;137;397;267;130
54391;109;499;304;195
54393;3;18131;9067;9064
54399;3;18133;9068;9065
54407;41;1327;684;643
54415;5;10883;5444;5439
54427;37;1471;754;717
54429;3;18143;9073;9070
54433;29;1877;953;924
54445;5;10889;5447;5442
54447;3;18149;9076;9073
54451;17;3203;1610;1593
54455;5;10891;5448;5443
54461;11;4951;2481;2470
54463;107;509;308;201
54479;157;347;252;95
54491;29;1879;954;925
54507;3;18169;9086;9083
54515;5;10903;5454;5449
54523;7;7789;3898;3891
54527;11;4957;2484;2473
54529;31;1759;895;864
54533;23;2371;1197;1174
54543;3;18181;9092;9089
54545;5;10909;5457;5452
54551;7;7793;3900;3893
54553;17;3209;1613;1596
54557;89;613;351;262
54569;197;277;237;40
54573;3;18191;9097;9094
54589;79;691;385;306
54597;3;18199;9101;9098
54599;71;769;420;349
54611;97;563;330;233
54613;13;4201;2107;2094
54619;193;283;238;45
54633;3;18211;9107;9104
54637;11;4967;2489;2478
54641;101;541;321;220
54643;53;1031;542;489
54651;3;18217;9110;9107
54659;11;4969;2490;2479
54661;47;1163;605;558
54669;3;18223;9113;9110
54671;23;2377;1200;1177
54683;149;367;258;109
54685;5;10937;5471;5466
54687;3;18229;9116;9113
54689;17;3217;1617;1600
54695;5;10939;5472;5467
54697;83;659;371;288
54699;3;18233;9118;9115
54701;19;2879;1449;1430
54703;11;4973;2492;2481
54707;227;241;234;7
54719;7;7817;3912;3905
54731;229;239;234;5
54737;127;431;279;152
54743;13;4211;2112;2099
54745;5;10949;5477;5472
54749;53;1033;543;490
54753;3;18251;9127;9124
54757;17;3221;1619;1602
54759;3;18253;9128;9125
54761;7;7823;3915;3908
54763;23;2381;1202;1179
54771;3;18257;9130;9127
54781;29;1889;959;930
54785;5;10957;5481;5476
54793;157;349;253;96
54797;37;1481;759;722
54803;7;7829;3918;3911
54807;3;18269;9136;9133
54809;23;2383;1203;1180
54811;59;929;494;435
54821;13;4217;2115;2102
54823;73;751;412;339
54827;109;503;306;197
54841;173;317;245;72
54847;13;4219;2116;2103
54853;19;2887;1453;1434
54857;11;4987;2499;2488
54861;3;18287;9145;9142
54863;83;661;372;289
54865;5;10973;5489;5484
54867;3;18289;9146;9143
54871;37;1483;760;723
54883;71;773;422;351
54887;7;7841;3924;3917
54889;131;419;275;144
54893;17;3229;1623;1606
54895;5;10979;5492;5487
54903;3;18301;9152;9149
54911;43;1277;660;617
54913;89;617;353;264
54921;3;18307;9155;9152
54923;11;4993;2502;2491
54931;163;337;250;87
54933;3;18311;9157;9154
54935;5;10987;5496;5491
54937;137;401;269;132
54939;3;18313;9158;9155
54947;23;2389;1206;1183
54953;179;307;243;64
54965;5;10993;5499;5494
54971;7;7853;3930;3923
54977;13;4229;2121;2108
54987;3;18329;9166;9163
54989;11;4999;2505;2494
54991;127;433;280;153
54997;43;1279;661;618
55003;13;4231;2122;2109
55007;67;821;444;377
55015;5;11003;5504;5499
55019;37;1487;762;725
55023;3;18341;9172;9169
55031;113;487;300;187
55033;11;5003;2507;2496
55037;47;1171;609;562
55039;23;2393;1208;1185
55043;19;2897;1458;1439
55059;3;18353;9178;9175
55067;53;1039;546;493
55069;7;7867;3937;3930
55087;31;1777;904;873
55091;89;619;354;265
55093;37;1489;763;726
55099;11;5009;2510;2499
55101;3;18367;9185;9182
55111;7;7873;3940;3933
55113;3;18371;9187;9184
55121;11;5011;2511;2500
55123;199;277;238;39
55129;29;1901;965;936
55133;13;4241;2127;2114
55135;5;11027;5516;5511
55137;3;18379;9191;9188
55139;7;7877;3942;3935
55141;67;823;445;378
55151;131;421;276;145
55153;7;7879;3943;3936
55157;19;2903;1461;1442
55159;13;4243;2128;2115
55169;43;1283;663;620
55177;23;2399;1211;1188
55181;7;7883;3945;3938
55183;139;397;268;129
55189;229;241;235;6
55191;3;18397;9200;9197
55193;97;569;333;236
55203;3;18401;9202;9199
55231;11;5021;2516;2505
55235;5;11047;5526;5521
55239;3;18413;9208;9205
55241;37;1493;765;728
55247;101;547;324;223
55253;11;5023;2517;2506
55261;73;757;415;342
55267;17;3251;1634;1617
55271;19;2909;1464;1445
55273;31;1783;907;876
55277;167;331;249;82
55281;3;18427;9215;9212
55283;59;937;498;439
55285;5;11057;5531;5526
55289;13;4253;2133;2120
55295;5;11059;5532;5527
55299;3;18433;9218;9215
55301;17;3253;1635;1618
55303;29;1907;968;939
55307;7;7901;3954;3947
55317;3;18439;9221;9218
55327;61;907;484;423
55329;3;18443;9223;9220
55345;5;11069;5537;5532
55349;7;7907;3957;3950
55353;3;18451;9227;9224
55355;5;11071;5538;5533
55357;197;281;239;42
55367;13;4259;2136;2123
55369;17;3257;1637;1620
55371;3;18457;9230;9227
55379;79;701;390;311
55383;3;18461;9232;9229
55387;97;571;334;237
55393;13;4261;2137;2124
55397;31;1787;909;878
55403;17;3259;1638;1621
55409;67;827;447;380
55415;5;11083;5544;5539
55417;151;367;259;108
55421;157;353;255;98
55423;19;2917;1468;1449
55427;43;1289;666;623
55429;11;5039;2525;2514
55433;7;7919;3963;3956
55435;5;11087;5546;5541
55443;3;18481;9242;9239
55453;23;2411;1217;1194
55459;31;1789;910;879
55463;37;1499;768;731
55465;5;11093;5549;5544
55477;29;1913;971;942
55479;3;18493;9248;9245
55481;109;509;309;200
55483;113;491;302;189
55489;7;7927;3967;3960
55493;211;263;237;26
55507;47;1181;614;567
55509;3;18503;9253;9250
55513;43;1291;667;624
55519;59;941;500;441
55523;13;4271;2142;2129
55531;7;7933;3970;3963
55543;67;829;448;381
55549;13;4273;2143;2130
55551;3;18517;9260;9257
55553;73;761;417;344
55559;7;7937;3972;3965
55561;11;5051;2531;2520
55563;3;18521;9262;9259
55565;5;11113;5559;5554
55567;181;307;244;63
55569;3;18523;9263;9260
55571;61;911;486;425
55577;149;373;261;112
55585;5;11117;5561;5556
55591;23;2417;1220;1197
55595;5;11119;5562;5557
55597;53;1049;551;498
55607;17;3271;1644;1627
55613;19;2927;1473;1454
55617;3;18539;9271;9268
55623;3;18541;9272;9269
55643;7;7949;3978;3971
55649;11;5059;2535;2524
55655;5;11131;5568;5563
55657;7;7951;3979;3972
55659;3;18553;9278;9275
55669;179;311;245;66
55679;13;4283;2148;2135
55687;233;239;236;3
55703;53;1051;552;499
55723;103;541;322;219
55729;23;2423;1223;1200
55739;139;401;270;131
55741;7;7963;3985;3978
55745;5;11149;5577;5572
55747;107;521;314;207
55749;3;18583;9293;9290
55751;197;283;240;43
55753;127;439;283;156
55757;13;4289;2151;2138
55761;3;18587;9295;9292
55771;43;1297;670;627
55779;3;18593;9298;9295
55789;47;1187;617;570
55795;5;11159;5582;5577
55801;41;1361;701;660
55805;5;11161;5583;5578
55831;31;1801;916;885
55841;19;2939;1479;1460
55847;11;5077;2544;2533
55851;3;18617;9310;9307
55855;5;11171;5588;5583
55859;83;673;378;295
55861;13;4297;2155;2142
55865;5;11173;5589;5584
55873;59;947;503;444
55877;71;787;429;358
55885;5;11177;5591;5586
55891;11;5081;2546;2535
55907;37;1511;774;737
55911;3;18637;9320;9317
55919;199;281;240;41
55943;43;1301;672;629
55951;7;7993;4000;3993
55957;11;5087;2549;2538
55961;107;523;315;208
55963;191;293;242;51
55969;97;577;337;240
55973;223;251;237;14
55983;3;18661;9332;9329
55985;5;11197;5601;5596
55999;29;1931;980;951
56011;79;709;394;315
56013;3;18671;9337;9334
56027;179;313;246;67
56029;43;1303;673;630
56033;137;409;273;136
56037;3;18679;9341;9338
56047;41;1367;704;663
56051;23;2437;1230;1207
56057;29;1933;981;952
56059;61;919;490;429
56063;7;8009;4008;4001
56065;5;11213;5609;5604
56071;47;1193;620;573
56073;3;18691;9347;9344
56077;7;8011;4009;4002
56083;17;3299;1658;1641
56089;11;5099;2555;2544
56103;3;18701;9352;9349
56107;19;2953;1486;1467
56111;11;5101;2556;2545
56117;17;3301;1659;1642
56119;7;8017;4012;4005
56137;73;769;421;348
56139;3;18713;9358;9355
56141;31;1811;921;890
56143;23;2441;1232;1209
56153;233;241;237;4
56157;3;18719;9361;9358
56159;89;631;360;271
56177;11;5107;2559;2548
56183;19;2957;1488;1469
56191;83;677;380;297
56193;3;18731;9367;9364
56195;5;11239;5622;5617
56201;43;1307;675;632
56213;67;839;453;386
56215;5;11243;5624;5619
56219;17;3307;1662;1645
56227;59;953;506;447
56229;3;18743;9373;9370
56233;53;1061;557;504
56243;11;5113;2562;2551
56247;3;18749;9376;9373
56251;13;4327;2170;2157
56255;5;11251;5628;5623
56257;101;557;329;228
56261;127;443;285;158
56271;3;18757;9380;9377
56273;7;8039;4023;4016
56279;167;337;252;85
56281;23;2447;1235;1212
56285;5;11257;5631;5626
56291;181;311;246;65
56293;41;1373;707;666
56297;19;2963;1491;1472
56305;5;11261;5633;5628
56309;11;5119;2565;2554
56317;199;283;241;42
56319;3;18773;9388;9385
56321;17;3313;1665;1648
56323;151;373;262;111
56339;53;1063;558;505
56341;103;547;325;222
56351;37;1523;780;743
56361;3;18787;9395;9392
56363;157;359;258;101
56365;5;11273;5639;5634
56371;7;8053;4030;4023
56379;3;18793;9398;9395
56381;13;4337;2175;2162
56387;113;499;306;193
56391;3;18797;9400;9397
56395;5;11279;5642;5637
56407;13;4339;2176;2163
56409;3;18803;9403;9400
56411;19;2969;1494;1475
56413;7;8059;4033;4026
56423;17;3319;1668;1651
56429;73;773;423;350
56435;5;11287;5646;5641
56447;47;1201;624;577
56449;19;2971;1495;1476
56461;131;431;281;150
56471;149;379;264;115
56483;7;8069;4038;4031
56491;17;3323;1670;1653
56495;5;11299;5652;5647
56513;31;1823;927;896
56517;3;18839;9421;9418
56521;29;1949;989;960
56537;13;4349;2181;2168
56549;193;293;243;50
56555;5;11311;5658;5653
56557;23;2459;1241;1218
56561;163;347;255;92
56567;7;8081;4044;4037
56577;3;18859;9431;9428
56579;29;1951;990;961
56585;5;11317;5661;5656
56587;71;797;434;363
56593;17;3329;1673;1656
56605;5;11321;5663;5658
56607;3;18869;9436;9433
56609;7;8087;4047;4040
56617;11;5147;2579;2568
56621;41;1381;711;670
56623;7;8089;4048;4041
56627;17;3331;1674;1657
56641;13;4357;2185;2172
56645;5;11329;5667;5662
56647;37;1531;784;747
56651;7;8093;4050;4043
56653;181;313;247;66
56657;53;1069;561;508
56669;61;929;495;434
56683;11;5153;2582;2571
56689;83;683;383;300
56697;3;18899;9451;9448
56707;7;8101;4054;4047
56717;43;1319;681;638
56719;13;4363;2188;2175
56723;131;433;282;151
56733;3;18911;9457;9454
56739;3;18913;9458;9455
56741;23;2467;1245;1222
56743;179;317;248;69
56751;3;18917;9460;9457
56755;5;11351;5678;5673
56757;3;18919;9461;9458
56759;211;269;240;29
56761;31;1831;931;900
56765;5;11353;5679;5674
56777;7;8111;4059;4052
56789;109;521;315;206
56801;79;719;399;320
56803;43;1321;682;639
56819;7;8117;4062;4055
56831;17;3343;1680;1663
56837;11;5167;2589;2578
56839;113;503;308;195
56841;3;18947;9475;9472
56845;5;11369;5687;5682
56849;13;4373;2193;2180
56851;139;409;274;135
56861;7;8123;4065;4058
56863;101;563;332;231
56877;3;18959;9481;9478
56879;23;2473;1248;1225
56881;11;5171;2591;2580
56887;163;349;256;93
56899;17;3347;1682;1665
56915;5;11383;5694;5689
56919;3;18973;9488;9485
56937;3;18979;9491;9488
56939;97;587;342;245
56965;5;11393;5699;5694
56969;11;5179;2595;2584
56971;23;2477;1250;1227
56977;227;251;239;12
56981;19;2999;1509;1490
56995;5;11399;5702;5697
57003;3;19001;9502;9499
57007;109;523;316;207
57011;47;1213;630;583
57019;19;3001;1510;1491
57023;127;449;288;161
57027;3;19009;9506;9503
57029;7;8147;4077;4070
57039;3;19013;9508;9505
57049;89;641;365;276
57053;59;967;513;454
57055;5;11411;5708;5703
57061;43;1327;685;642
57067;149;383;266;117
57079;11;5189;2600;2589
57083;13;4391;2202;2189
57091;37;1543;790;753
57093;3;19031;9517;9514
57103;17;3359;1688;1671
57111;3;19037;9520;9517
57115;5;11423;5714;5709
57121;239;239;239;0
57127;7;8161;4084;4077
57137;17;3361;1689;1672
57151;67;853;460;393
57153;3;19051;9527;9524
57157;61;937;499;438
57161;13;4397;2205;2192
57167;11;5197;2604;2593
57169;7;8167;4087;4080
57181;211;271;241;30
57185;5;11437;5721;5716
57197;7;8171;4089;4082
57199;47;1217;632;585
57207;3;19069;9536;9533
57209;19;3011;1515;1496
57215;5;11443;5724;5719
57217;29;1973;1001;972
57219;3;19073;9538;9535
57227;89;643;366;277
57229;151;379;265;114
57235;5;11447;5726;5721
57237;3;19079;9541;9538
57243;3;19081;9542;9539
57253;7;8179;4093;4086
57257;31;1847;939;908
57261;3;19087;9545;9542
57263;173;331;252;79
57289;59;971;515;456
57299;11;5209;2610;2599
57307;17;3371;1694;1677
57311;223;257;240;17
57313;37;1549;793;756
57317;13;4409;2211;2198
57335;5;11467;5736;5731
57337;7;8191;4099;4092
57341;17;3373;1695;1678
57353;83;691;387;304
57355;5;11471;5738;5733
57359;41;1399;720;679
57361;19;3019;1519;1500
57363;3;19121;9562;9559
57371;103;557;330;227
57377;181;317;249;68
57391;29;1979;1004;975
57401;61;941;501;440
57403;137;419;278;141
57415;5;11483;5744;5739
57417;3;19139;9571;9568
57419;67;857;462;395
57423;3;19141;9572;9569
57433;79;727;403;324
57437;19;3023;1521;1502
57439;71;809;440;369
57445;5;11489;5747;5742
57451;73;787;430;357
57455;5;11491;5748;5743
57461;37;1553;795;758
57463;7;8209;4108;4101
57469;101;569;335;234
57471;3;19157;9580;9577
57473;13;4421;2217;2204
57479;229;251;240;11
57481;47;1223;635;588
57485;5;11497;5751;5746
57489;3;19163;9583;9580
57497;11;5227;2619;2608
57499;13;4423;2218;2205
57509;131;439;285;154
57515;5;11503;5754;5749
57517;113;509;311;198
57521;97;593;345;248
57533;7;8219;4113;4106
57539;163;353;258;95
57541;11;5231;2621;2610
57543;3;19181;9592;9589
57547;7;8221;4114;4107
57549;3;19183;9593;9590
57553;67;859;463;396
57563;11;5233;2622;2611
57569;23;2503;1263;1240
57581;71;811;441;370
57583;89;647;368;279
57595;5;11519;5762;5757
57599;239;241;240;1
57607;11;5237;2624;2613
57611;53;1087;570;517
57613;17;3389;1703;1686
57617;7;8231;4119;4112
57619;157;367;262;105
57621;3;19207;9605;9602
57623;29;1987;1008;979
57631;7;8233;4120;4113
57633;3;19211;9607;9604
57635;5;11527;5766;5761
57639;3;19213;9608;9605
57643;59;977;518;459
57647;17;3391;1704;1687
57657;3;19219;9611;9608
57659;7;8237;4122;4115
57671;101;571;336;235
57677;137;421;279;142
57683;37;1559;798;761
57691;31;1861;946;915
57693;3;19231;9617;9614
57701;7;8243;4125;4118
57703;19;3037;1528;1509
57711;3;19237;9620;9617
57721;197;293;245;48
57733;13;4441;2227;2214
57745;5;11549;5777;5772
57747;3;19249;9626;9623
57755;5;11551;5778;5773
57763;47;1229;638;591
57767;61;947;504;443
57769;41;1409;725;684
57777;3;19259;9631;9628
57779;19;3041;1530;1511
57797;29;1993;1011;982
57801;3;19267;9635;9632
57811;13;4447;2230;2217
57819;3;19273;9638;9635
57821;67;863;465;398
57823;53;1091;572;519
57833;151;383;267;116
57841;7;8263;4135;4128
57857;47;1231;639;592
57863;13;4451;2232;2219
57867;3;19289;9646;9643
57871;11;5261;2636;2625
57877;31;1867;949;918
57883;7;8269;4138;4131
57887;107;541;324;217
57895;5;11579;5792;5787
57903;3;19301;9652;9649
57907;79;733;406;327
57911;7;8273;4140;4133
57913;29;1997;1013;984
57919;17;3407;1712;1695
57927;3;19309;9656;9653
57929;53;1093;573;520
57931;19;3049;1534;1515
57935;5;11587;5796;5791
57941;13;4457;2235;2222
57949;167;347;257;90
57957;3;19319;9661;9658
57961;149;389;269;120
57965;5;11593;5799;5794
57971;29;1999;1014;985
57979;37;1567;802;765
57983;23;2521;1272;1249
57985;5;11597;5801;5796
57989;103;563;333;230
57997;59;983;521;462
57999;3;19333;9668;9665
58001;31;1871;951;920
58003;11;5273;2642;2631
58009;7;8287;4147;4140
58019;13;4463;2238;2225
58021;17;3413;1715;1698
58033;131;443;287;156
58037;7;8291;4149;4142
58039;127;457;292;165
58051;7;8293;4150;4143
58063;31;1873;952;921
58069;11;5279;2645;2634
58079;7;8297;4152;4145
58081;241;241;241;0
58085;5;11617;5811;5806
58087;29;2003;1016;987
58091;11;5281;2646;2635
58103;97;599;348;251
58105;5;11621;5813;5808
58117;89;653;371;282
58119;3;19373;9688;9685
58127;37;1571;804;767
58133;61;953;507;446
58137;3;19379;9691;9688
58139;47;1237;642;595
58141;53;1097;575;522
58143;3;19381;9692;9689
58159;19;3061;1540;1521
58161;3;19387;9695;9692
58165;5;11633;5819;5814
58173;3;19391;9697;9694
58177;7;8311;4159;4152
58181;73;797;435;362
58183;83;701;392;309
58187;31;1877;954;923
58209;3;19403;9703;9700
58213;23;2531;1277;1254
58219;7;8317;4162;4155
58241;139;419;279;140
58249;31;1879;955;924
58251;3;19417;9710;9707
58253;13;4481;2247;2234
58263;3;19421;9712;9709
58267;11;5297;2654;2643
58269;3;19423;9713;9710
58273;19;3067;1543;1524
58277;101;577;339;238
58279;13;4483;2248;2235
58281;3;19427;9715;9712
58283;167;349;258;91
58285;5;11657;5831;5826
58287;3;19429;9716;9713
58291;71;821;446;375
58297;97;601;349;252
58299;3;19433;9718;9715
58301;173;337;255;82
58303;7;8329;4168;4161
58307;199;293;246;47
58319;29;2011;1020;991
58323;3;19441;9722;9719
58333;11;5303;2657;2646
58339;227;257;242;15
58341;3;19447;9725;9722
58343;41;1423;732;691
58361;17;3433;1725;1708
58371;3;19457;9730;9727
58381;79;739;409;330
58385;5;11677;5841;5836
58389;3;19463;9733;9730
58397;23;2539;1281;1258
58399;11;5309;2660;2649
58405;5;11681;5843;5838
58407;3;19469;9736;9733
58409;13;4493;2253;2240
58413;3;19471;9737;9734
58423;37;1579;808;771
58431;3;19477;9740;9737
58433;71;823;447;376
58445;5;11689;5847;5842
58447;211;277;244;33
58449;3;19483;9743;9740
58459;53;1103;578;525
58467;3;19489;9746;9743
58469;59;991;525;466
58471;7;8353;4180;4173
58483;233;251;242;9
58489;23;2543;1283;1260
58493;29;2017;1023;994
58495;5;11699;5852;5847
58501;19;3079;1549;1530
58503;3;19501;9752;9749
58505;5;11701;5853;5848
58507;41;1427;734;693
58517;163;359;261;98
58519;139;421;280;141
58521;3;19507;9755;9752
58523;43;1361;702;659
58529;107;547;327;220
58541;7;8363;4185;4178
58547;127;461;294;167
58553;11;5323;2667;2656
58559;31;1889;960;929
58561;157;373;265;108
58571;37;1583;810;773
58577;19;3083;1551;1532
58583;7;8369;4188;4181
58585;5;11717;5861;5856
58589;41;1429;735;694
58591;13;4507;2260;2247
58593;3;19531;9767;9764
58595;5;11719;5862;5857
58607;103;569;336;233
58623;3;19541;9772;9769
58627;23;2549;1286;1263
58629;3;19543;9773;9770
58633;17;3449;1733;1716
58637;191;307;249;58
58639;7;8377;4192;4185
58649;223;263;243;20
58651;89;659;374;285
58655;5;11731;5868;5863
58659;3;19553;9778;9775
58663;11;5333;2672;2661
58669;13;4513;2263;2250
58673;23;2551;1287;1264
58677;3;19559;9781;9778
58691;19;3089;1554;1535
58697;79;743;411;332
58703;47;1249;648;601
58709;7;8387;4197;4190
58713;3;19571;9787;9784
58715;5;11743;5874;5869
58717;71;827;449;378
58721;13;4517;2265;2252
58723;7;8389;4198;4191
58731;3;19577;9790;9787
58739;151;389;270;119
58747;13;4519;2266;2253
58749;3;19583;9793;9790
58753;41;1433;737;696
58759;67;877;472;405
58769;17;3457;1737;1720
58777;53;1109;581;528
58781;43;1367;705;662
58783;29;2027;1028;999
58791;3;19597;9800;9797
58799;13;4523;2268;2255
58801;127;463;295;168
58809;3;19603;9803;9800
58811;23;2557;1290;1267
58813;103;571;337;234
58817;11;5347;2679;2668
58819;131;449;290;159
58823;59;997;528;469
58827;3;19609;9806;9803
58829;89;661;375;286
58837;17;3461;1739;1722
58841;29;2029;1029;1000
58847;83;709;396;313
58853;229;257;243;14
58859;71;829;450;379
58861;11;5351;2681;2670
58871;17;3463;1740;1723
58873;113;521;317;204
58879;97;607;352;255
58885;5;11777;5891;5886
58895;5;11779;5892;5887
58915;5;11783;5894;5889
58931;31;1901;966;935
58933;7;8419;4213;4206
58939;17;3467;1742;1725
58945;5;11789;5897;5892
58951;167;353;260;93
58961;7;8423;4215;4208
58969;109;541;325;216
58973;17;3469;1743;1726
58983;3;19661;9832;9829
58987;61;967;514;453
58999;41;1439;740;699
59003;7;8429;4218;4211
59005;5;11801;5903;5898
59017;7;8431;4219;4212
59027;67;881;474;407
59035;5;11807;5906;5901
59039;43;1373;708;665
59043;3;19681;9842;9839
59047;137;431;284;147
59057;73;809;441;368
59061;3;19687;9845;9842
59065;5;11813;5909;5904
59071;19;3109;1564;1545
59089;37;1597;817;780
59091;3;19697;9850;9847
59097;3;19699;9851;9848
59099;113;523;318;205
59101;7;8443;4225;4218
59105;5;11821;5913;5908
59111;13;4547;2280;2267
59117;31;1907;969;938
59127;3;19709;9856;9853
59129;7;8447;4227;4220
59131;29;2039;1034;1005
59135;5;11827;5916;5911
59137;13;4549;2281;2268
59151;3;19717;9860;9857
59153;149;397;273;124
59155;5;11831;5918;5913
59161;67;883;475;408
59165;5;11833;5919;5914
59173;47;1259;653;606
59181;3;19727;9865;9862
59191;11;5381;2696;2685
59195;5;11839;5922;5917
59201;53;1117;585;532
59203;73;811;442;369
59217;3;19739;9871;9868
59227;7;8461;4234;4227
59231;61;971;516;455
59237;37;1601;819;782
59249;179;331;255;76
59251;193;307;250;57
59253;3;19751;9877;9874
59257;11;5387;2699;2688
59259;3;19753;9878;9875
59261;19;3119;1569;1550
59269;7;8467;4237;4230
59277;3;19759;9881;9878
59287;101;587;344;243
59289;3;19763;9883;9880
59291;211;281;246;35
59293;13;4561;2287;2274
59299;19;3121;1570;1551
59303;31;1913;972;941
59309;127;467;297;170
59315;5;11863;5934;5929
59317;23;2579;1301;1278
59321;137;433;285;148
59323;11;5393;2702;2691
59327;41;1447;744;703
59329;79;751;415;336
59331;3;19777;9890;9887
59335;5;11867;5936;5931
59347;17;3491;1754;1737
59371;13;4567;2290;2277
59379;3;19793;9898;9895
59383;43;1381;712;669
59389;11;5399;2705;2694
59401;191;311;251;60
59403;3;19801;9902;9899
59429;67;887;477;410
59431;103;577;340;237
59435;5;11887;5946;5941
59439;3;19813;9908;9905
59457;3;19819;9911;9908
59459;37;1607;822;785
59461;97;613;355;258
59477;11;5407;2709;2698
59483;17;3499;1758;1741
59485;5;11897;5951;5946
59491;41;1451;746;705
59503;157;379;268;111
59507;7;8501;4254;4247
59515;5;11903;5954;5949
59519;53;1123;588;535
59523;3;19841;9922;9919
59529;3;19843;9923;9920
59531;59;1009;534;475
59533;37;1609;823;786
59537;29;2053;1041;1012
59543;11;5413;2712;2701
59545;5;11909;5957;5952
59559;3;19853;9928;9925
59569;71;839;455;384
59573;41;1453;747;706
59579;13;4583;2298;2285
59583;3;19861;9932;9929
59587;11;5417;2714;2703
59591;7;8513;4260;4253
59593;23;2591;1307;1284
59597;61;977;519;458
59599;107;557;332;225
59601;3;19867;9935;9932
59603;19;3137;1578;1559
59609;11;5419;2715;2704
59615;5;11923;5964;5959
59623;109;547;328;219
59635;5;11927;5966;5961
59639;23;2593;1308;1285
59647;7;8521;4264;4257
59665;5;11933;5969;5964
59667;3;19889;9946;9943
59673;3;19891;9947;9944
59677;83;719;401;318
59681;37;1613;825;788
59683;13;4591;2302;2289
59687;17;3511;1764;1747
59689;7;8527;4267;4260
59695;5;11939;5972;5967
59701;227;263;245;18
59705;5;11941;5973;5968
59713;211;283;247;36
59739;3;19913;9958;9955
59741;11;5431;2721;2710
59749;149;401;275;126
59757;3;19919;9961;9958
59759;7;8537;4272;4265
59761;13;4597;2305;2292
59765;5;11953;5979;5974
59767;59;1013;536;477
59773;7;8539;4273;4266
59781;3;19927;9965;9962
59783;191;313;252;61
59789;17;3517;1767;1750
59795;5;11959;5982;5977
59801;7;8543;4275;4268
59803;79;757;418;339
59807;11;5437;2724;2713
59811;3;19937;9970;9967
59819;41;1459;750;709
59821;163;367;265;102
59827;29;2063;1046;1017
59837;53;1129;591;538
59839;13;4603;2308;2295
59845;5;11969;5987;5982
59847;3;19949;9976;9973
59849;97;617;357;260
59851;11;5441;2726;2715
59855;5;11971;5988;5983
59861;31;1931;981;950
59867;131;457;294;163
59873;11;5443;2727;2716
59881;233;257;245;12
59883;3;19961;9982;9979
59889;3;19963;9983;9980
59893;101;593;347;246
59897;89;673;381;292
59903;37;1619;828;791
59905;5;11981;5993;5988
59909;139;431;285;146
59911;181;331;256;75
59919;3;19973;9988;9985
59923;31;1933;982;951
59933;73;821;447;374
59935;5;11987;5996;5991
59937;3;19979;9991;9988
59939;11;5449;2730;2719
59941;7;8563;4285;4278
59947;151;397;274;123
59953;167;359;263;96
59959;17;3527;1772;1755
59963;61;983;522;461
59973;3;19991;9997;9994
59977;37;1621;829;792
59979;3;19993;9998;9995
59987;223;269;246;23
59989;239;251;245;6
59991;3;19997;10000;9997
59993;17;3529;1773;1756
60001;29;2069;1049;1020
60007;23;2609;1316;1293
60011;7;8573;4290;4283
60019;47;1277;662;615
60023;193;311;252;59
60031;173;347;260;87
60033;3;20011;10007;10004
60035;5;12007;6006;6001
60043;97;619;358;261
60055;5;12011;6008;6003
60061;17;3533;1775;1758
60063;3;20021;10012;10009
60067;7;8581;4294;4287
60069;3;20023;10013;10010
60073;13;4621;2317;2304
60079;73;823;448;375
60087;3;20029;10016;10013
60097;19;3163;1591;1572
60113;47;1279;663;616
60119;79;761;420;341
60121;59;1019;539;480
60131;157;383;270;113
60141;3;20047;10025;10022
60143;137;439;288;151
60153;3;20051;10027;10024
60157;43;1399;721;678
60163;17;3539;1778;1761
60173;19;3167;1593;1574
60179;7;8597;4302;4295
60181;11;5471;2741;2730
60185;5;12037;6021;6016
60187;139;433;286;147
60189;3;20063;10033;10030
60191;23;2617;1320;1297
60193;7;8599;4303;4296
60197;17;3541;1779;1762
60199;37;1627;832;795
60205;5;12041;6023;6018
60211;19;3169;1594;1575
60213;3;20071;10037;10034
60215;5;12043;6024;6019
60227;229;263;246;17
60239;59;1021;540;481
60241;107;563;335;228
60245;5;12049;6027;6022
60247;11;5477;2744;2733
60253;89;677;383;294
60263;7;8609;4308;4301
60267;3;20089;10046;10043
60269;11;5479;2745;2734
60281;13;4637;2325;2312
60283;23;2621;1322;1299
60299;17;3547;1782;1765
60301;47;1283;665;618
60303;3;20101;10052;10049
60307;13;4639;2326;2313
60311;41;1471;756;715
60313;11;5483;2747;2736
60321;3;20107;10055;10052
60323;179;337;258;79
60339;3;20113;10058;10055
60341;83;727;405;322
60349;29;2081;1055;1026
60351;3;20117;10060;10057
60355;5;12071;6038;6033
60359;13;4643;2328;2315
60361;7;8623;4315;4308
60365;5;12073;6039;6034
60369;3;20123;10063;10060
60371;73;827;450;377
60377;173;349;261;88
60387;3;20129;10066;10063
60389;7;8627;4317;4310
60391;131;461;296;165
60403;7;8629;4318;4311
60407;29;2083;1056;1027
60409;193;313;253;60
60419;31;1949;990;959
60429;3;20143;10073;10070
60433;223;271;247;24
60437;13;4649;2331;2318
60439;19;3181;1600;1581
60441;3;20147;10075;10072
60447;3;20149;10076;10073
60451;61;991;526;465
60461;103;587;345;242
60463;13;4651;2332;2319
60469;17;3557;1787;1770
60479;197;307;252;55
60481;31;1951;991;960
60483;3;20161;10082;10079
60485;5;12097;6051;6046
60487;7;8641;4324;4317
60491;241;251;246;5
60499;101;599;350;249
60503;17;3559;1788;1771
60505;5;12101;6053;6048
60511;11;5501;2756;2745
60517;73;829;451;378
60519;3;20173;10088;10085
60523;29;2087;1058;1029
60529;7;8647;4327;4320
60531;3;20177;10090;10087
60533;11;5503;2757;2746
60535;5;12107;6056;6051
60541;13;4657;2335;2322
60545;5;12109;6057;6052
60547;191;317;254;63
60549;3;20183;10093;10090
60551;151;401;276;125
60553;19;3187;1603;1584
60559;23;2633;1328;1305
60563;71;853;462;391
60565;5;12113;6059;6054
60569;37;1637;837;800
60577;11;5507;2759;2748
60581;29;2089;1059;1030
60583;47;1289;668;621
60587;43;1409;726;683
60595;5;12119;6062;6057
60603;3;20201;10102;10099
60619;13;4663;2338;2325
60629;19;3191;1605;1586
60641;7;8663;4335;4328
60653;131;463;297;166
60657;3;20219;10111;10108
60677;47;1291;669;622
60683;7;8669;4338;4331
60691;137;443;290;153
60693;3;20231;10117;10114
60699;3;20233;10118;10115
60701;101;601;351;250
60707;17;3571;1794;1777
60709;11;5519;2765;2754
60713;109;557;333;224
60715;5;12143;6074;6069
60721;41;1481;761;720
60731;11;5521;2766;2755
60739;7;8677;4342;4335
60745;5;12149;6077;6072
60747;3;20249;10126;10123
60749;13;4673;2343;2330
60751;79;769;424;345
60767;7;8681;4344;4337
60769;67;907;487;420
60783;3;20261;10132;10129
60785;5;12157;6081;6076
60787;89;683;386;297
60797;11;5527;2769;2758
60799;163;373;268;105
60803;41;1483;762;721
60805;5;12161;6083;6078
60807;3;20269;10136;10133
60815;5;12163;6084;6079
60817;61;997;529;468
60823;7;8689;4348;4341
60827;13;4679;2346;2333
60829;59;1031;545;486
60833;127;479;303;176
60839;83;733;408;325
60841;11;5531;2771;2760
60847;71;857;464;393
60851;7;8693;4350;4343
60857;19;3203;1611;1592
60861;3;20287;10145;10142
60871;29;2099;1064;1035
60877;17;3581;1799;1782
60881;23;2647;1335;1312
60883;107;569;338;231
60891;3;20297;10150;10147
60893;7;8699;4353;4346
60911;17;3583;1800;1783
60941;149;409;279;130
60947;59;1033;546;487
60949;7;8707;4357;4350
60959;47;1297;672;625
60967;41;1487;764;723
60969;3;20323;10163;10160
60971;19;3209;1614;1595
60981;3;20327;10165;10162
60983;13;4691;2352;2339
60985;5;12197;6101;6096
60989;71;859;465;394
60991;7;8713;4360;4353
60997;181;337;259;78
60999;3;20333;10168;10165
61003;53;1151;602;549
61015;5;12203;6104;6099
61021;139;439;289;150
61023;3;20341;10172;10169
61033;7;8719;4363;4356
61037;67;911;489;422
61041;3;20347;10175;10172
61049;41;1489;765;724
61055;5;12211;6108;6103
61059;3;20353;10178;10175
61063;227;269;248;21
61067;79;773;426;347
61069;173;353;263;90
61071;3;20357;10180;10177
61073;157;389;273;116
61077;3;20359;10181;10178
61079;103;593;348;245
61081;17;3593;1805;1788
61093;199;307;253;54
61097;107;571;339;232
61107;3;20369;10186;10183
61109;53;1153;603;550
61111;23;2657;1340;1317
61117;7;8731;4369;4362
61123;19;3217;1618;1599
61127;11;5557;2784;2773
61133;113;541;327;214
61135;5;12227;6116;6111
61139;13;4703;2358;2345
61147;47;1301;674;627
61157;23;2659;1341;1318
61159;7;8737;4372;4365
61163;31;1973;1002;971
61167;3;20389;10196;10193
61177;131;467;299;168
61179;3;20393;10198;10195
61181;193;317;255;62
61187;7;8741;4374;4367
61189;43;1423;733;690
61193;11;5563;2787;2776
61195;5;12239;6122;6117
61197;3;20399;10201;10198
61199;19;3221;1620;1601
61205;5;12241;6123;6118
61207;97;631;364;267
61213;41;1493;767;726
61219;29;2111;1070;1041
61221;3;20407;10205;10202
61229;7;8747;4377;4370
61233;3;20411;10207;10204
61241;47;1303;675;628
61247;73;839;456;383
61249;23;2663;1343;1320
61255;5;12251;6128;6123
61259;11;5569;2790;2779
61265;5;12253;6129;6124
61267;197;311;254;57
61271;7;8753;4380;4373
61273;71;863;467;396
61277;29;2113;1071;1042
61279;233;263;248;15
61289;167;367;267;100
61293;3;20431;10217;10214
61301;59;1039;549;490
61303;11;5573;2792;2781
61307;101;607;354;253
61309;37;1657;847;810
61315;5;12263;6134;6129
61319;17;3607;1812;1795
61323;3;20441;10222;10219
61327;7;8761;4384;4377
61329;3;20443;10223;10220
61337;83;739;411;328
61345;5;12269;6137;6132
61349;31;1979;1005;974
61351;19;3229;1624;1605
61361;43;1427;735;692
61367;109;563;336;227
61373;13;4721;2367;2354
61385;5;12277;6141;6136
61391;11;5581;2796;2785
61399;13;4723;2368;2355
61405;5;12281;6143;6138
61421;17;3613;1815;1798
61423;239;257;248;9
61429;47;1307;677;630
61431;3;20477;10240;10237
61433;23;2671;1347;1324
61437;3;20479;10241;10238
61445;5;12289;6147;6142
61447;43;1429;736;693
61449;3;20483;10243;10240
61453;7;8779;4393;4386
61459;41;1499;770;729
61477;13;4729;2371;2358
61481;7;8783;4395;4388
61489;17;3617;1817;1800
61499;89;691;390;301
61501;11;5591;2801;2790
61505;5;12301;6153;6148
61513;137;449;293;156
61517;227;271;249;22
61521;3;20507;10255;10252
61527;3;20509;10256;10253
61529;13;4733;2373;2360
61531;37;1663;850;813
61549;61;1009;535;474
61563;3;20521;10262;10259
61571;23;2677;1350;1327
61573;67;919;493;426
61577;139;443;291;152
61591;17;3623;1820;1803
61597;31;1987;1009;978
61599;3;20533;10268;10265
61601;229;269;249;20
61615;5;12323;6164;6159
61619;43;1433;738;695
61621;7;8803;4405;4398
61629;3;20543;10273;10270
61639;53;1163;608;555
61645;5;12329;6167;6162
61647;3;20549;10276;10273
61649;7;8807;4407;4400
61653;3;20551;10277;10274
61661;197;313;255;58
61669;83;743;413;330
61679;37;1667;852;815
61689;3;20563;10283;10280
61697;103;599;351;248
61709;23;2683;1353;1330
61715;5;12343;6174;6169
61727;17;3631;1824;1807
61733;7;8819;4413;4406
61735;5;12347;6176;6171
61739;107;577;342;235
61741;29;2129;1079;1050
61747;7;8821;4414;4407
61753;37;1669;853;816
61759;151;409;280;129
61763;13;4751;2382;2369
61769;19;3251;1635;1616
61771;223;277;250;27
61777;163;379;271;108
61779;3;20593;10298;10295
61783;31;1993;1012;981
61793;61;1013;537;476
61797;3;20599;10301;10298
61799;29;2131;1080;1051
61801;23;2687;1355;1332
61807;19;3253;1636;1617
61811;113;547;330;217
61817;7;8831;4419;4412
61823;211;293;252;41
61829;17;3637;1827;1810
61833;3;20611;10307;10304
61847;23;2689;1356;1333
61849;127;487;307;180
61853;11;5623;2817;2806
61859;7;8837;4422;4415
61865;5;12373;6189;6184
61867;13;4759;2386;2373
61873;7;8839;4423;4416
61877;43;1439;741;698
61881;3;20627;10315;10312
61883;19;3257;1638;1619
61885;5;12377;6191;6186
61889;199;311;255;56
61891;59;1049;554;495
61895;5;12379;6192;6187
61903;103;601;352;249
61907;31;1997;1014;983
61913;101;613;357;256
61917;3;20639;10321;10318
61921;19;3259;1639;1620
61923;3;20641;10322;10319
61931;17;3643;1830;1813
61937;241;257;249;8
61939;23;2693;1358;1335
61943;7;8849;4428;4421
61951;41;1511;776;735
61955;5;12391;6198;6193
61969;31;1999;1015;984
61973;29;2137;1083;1054
61989;3;20663;10333;10330
61993;47;1319;683;636
62005;5;12401;6203;6198
62009;59;1051;555;496
62021;109;569;339;230
62027;7;8861;4434;4427
62029;11;5639;2825;2814
62041;7;8863;4435;4428
62043;3;20681;10342;10339
62045;5;12409;6207;6202
62051;11;5641;2826;2815
62059;229;271;250;21
62063;53;1171;612;559
62065;5;12413;6209;6204
62069;7;8867;4437;4430
62077;23;2699;1361;1338
62079;3;20693;10348;10345
62087;47;1321;684;637
62089;29;2141;1085;1056
62093;31;2003;1017;986
62105;5;12421;6213;6208
62107;173;359;266;93
62113;179;347;263;84
62117;11;5647;2829;2818
62121;3;20707;10355;10352
62147;29;2143;1086;1057
62149;19;3271;1645;1626
62151;3;20717;10360;10357
62157;3;20719;10361;10358
62159;61;1019;540;479
62161;11;5651;2831;2820
62165;5;12433;6219;6214
62173;79;787;433;354
62177;97;641;369;272
62179;13;4783;2398;2385
62183;11;5653;2832;2821
62185;5;12437;6221;6216
62193;3;20731;10367;10364
62203;17;3659;1838;1821
62209;7;8887;4447;4440
62221;43;1447;745;702
62227;11;5657;2834;2823
62229;3;20743;10373;10370
62231;13;4787;2400;2387
62239;109;571;340;231
62241;3;20747;10375;10372
62243;67;929;498;431
62247;3;20749;10376;10373
62249;11;5659;2835;2824
62251;7;8893;4450;4443
62255;5;12451;6228;6223
62257;13;4789;2401;2388
62259;3;20753;10378;10375
62261;23;2707;1365;1342
62267;71;877;474;403
62269;73;853;463;390
62277;3;20759;10381;10378
62281;61;1021;541;480
62285;5;12457;6231;6226
62287;199;313;256;57
62291;167;373;270;103
62309;13;4793;2403;2390
62313;3;20771;10387;10384
62317;101;617;359;258
62319;3;20773;10388;10385
62329;157;397;277;120
62333;83;751;417;334
62341;31;2011;1021;990
62353;23;2711;1367;1344
62357;127;491;309;182
62359;11;5669;2840;2829
62365;5;12473;6239;6234
62367;3;20789;10396;10393
62369;47;1327;687;640
62371;97;643;370;273
62387;13;4799;2406;2393
62389;89;701;395;306
62393;43;1451;747;704
62395;5;12479;6242;6237
62399;23;2713;1368;1345
62407;17;3671;1844;1827
62411;139;449;294;155
62413;13;4801;2407;2394
62421;3;20807;10405;10402
62427;3;20809;10406;10403
62429;163;383;273;110
62431;149;419;284;135
62435;5;12487;6246;6241
62437;29;2153;1091;1062
62441;17;3673;1845;1828
62443;41;1523;782;741
62449;197;317;257;60
62455;5;12491;6248;6243
62461;7;8923;4465;4458
62471;179;349;264;85
62479;43;1453;748;705
62485;5;12497;6251;6246
62503;7;8929;4468;4461
62509;17;3677;1847;1830
62513;11;5683;2847;2836
62515;5;12503;6254;6249
62519;101;619;360;259
62521;103;607;355;252
62527;31;2017;1024;993
62531;7;8933;4470;4463
62537;23;2719;1371;1348
62547;3;20849;10426;10423
62551;71;881;476;405
62555;5;12511;6258;6253
62561;73;857;465;392
62569;13;4813;2413;2400
62571;3;20857;10430;10427
62579;11;5689;2850;2839
62585;5;12517;6261;6256
62587;7;8941;4474;4467
62593;53;1181;617;564
62599;59;1061;560;501
62609;137;457;297;160
62619;3;20873;10438;10435
62621;13;4817;2415;2402
62623;11;5693;2852;2841
62635;5;12527;6266;6261
62637;3;20879;10441;10438
62641;37;1693;865;828
62657;7;8951;4479;4472
62661;3;20887;10445;10442
62663;223;281;252;29
62669;29;2161;1095;1066
62677;233;269;251;18
62681;19;3299;1659;1640
62691;3;20897;10450;10447
62693;71;883;477;406
62695;5;12539;6272;6267
62697;3;20899;10451;10448
62705;5;12541;6273;6268
62707;73;859;466;393
62709;3;20903;10453;10450
62711;11;5701;2856;2845
62717;59;1063;561;502
62719;19;3301;1660;1641
62729;149;421;285;136
62735;5;12547;6276;6271
62737;43;1459;751;708
62741;7;8963;4485;4478
62747;17;3691;1854;1837
62749;131;479;305;174
62759;97;647;372;275
62763;3;20921;10462;10459
62765;5;12553;6279;6274
62767;23;2729;1376;1353
62771;41;1531;786;745
62779;67;937;502;435
62783;7;8969;4488;4481
62787;3;20929;10466;10463
62789;37;1697;867;830
62797;7;8971;4489;4482
62803;13;4831;2422;2409
62807;181;347;264;83
62809;107;587;347;240
62813;23;2731;1377;1354
62817;3;20939;10471;10468
62821;11;5711;2861;2850
62831;83;757;420;337
62833;19;3307;1663;1644
62837;31;2027;1029;998
62841;3;20947;10475;10472
62845;5;12569;6287;6282
62849;17;3697;1857;1840
62857;239;263;251;12
62863;37;1699;868;831
62877;3;20959;10481;10478
62879;227;277;252;25
62885;5;12577;6291;6286
62887;11;5717;2864;2853
62889;3;20963;10483;10480
62891;61;1031;546;485
62893;109;577;343;234
62899;31;2029;1030;999
62911;53;1187;620;567
62915;5;12583;6294;6289
62917;17;3701;1859;1842
62941;113;557;335;222
62943;3;20981;10492;10489
62945;5;12589;6297;6292
62947;19;3313;1666;1647
62949;3;20983;10493;10490
62957;157;401;279;122
62963;79;797;438;359
62977;71;887;479;408
62993;7;8999;4503;4496
62999;73;863;468;395
63001;251;251;251;0
63003;3;21001;10502;10499
63005;5;12601;6303;6298
63007;7;9001;4504;4497
63013;61;1033;547;486
63033;3;21011;10507;10504
63039;3;21013;10508;10505
63043;23;2741;1382;1359
63047;67;941;504;437
63049;7;9007;4507;4500
63051;3;21017;10510;10507
63053;17;3709;1863;1846
63055;5;12611;6308;6303
63057;3;21019;10511;10508
63061;19;3319;1669;1650
63065;5;12613;6309;6304
63069;3;21023;10513;10510
63071;59;1069;564;505
63077;7;9011;4509;4502
63083;199;317;258;59
63091;7;9013;4510;4503
63093;3;21031;10517;10514
63095;5;12619;6312;6307
63101;89;709;399;310
63107;11;5737;2874;2863
63109;223;283;253;30
63137;19;3323;1671;1652
63139;103;613;358;255
63143;233;271;252;19
63151;11;5741;2876;2865
63157;137;461;299;162
63163;83;761;422;339
63169;181;349;265;84
63173;11;5743;2877;2866
63177;3;21059;10531;10528
63183;3;21061;10532;10529
63185;5;12637;6321;6316
63187;179;353;266;87
63191;29;2179;1104;1075
63193;13;4861;2437;2424
63201;3;21067;10535;10532
63203;7;9029;4518;4511
63205;5;12641;6323;6318
63209;31;2039;1035;1004
63221;191;331;261;70
63223;17;3719;1868;1851
63227;23;2749;1386;1363
63229;53;1193;623;570
63233;37;1709;873;836
63235;5;12647;6326;6321
63239;11;5749;2880;2869
63251;19;3329;1674;1655
63253;43;1471;757;714
63263;41;1543;792;751
63265;5;12653;6329;6324
63267;3;21089;10546;10543
63269;151;419;285;134
63287;7;9041;4524;4517
63289;19;3331;1675;1656
63293;167;379;273;106
63295;5;12659;6332;6327
63301;7;9043;4525;4518
63303;3;21101;10552;10549
63319;23;2753;1388;1365
63321;3;21107;10555;10552
63323;13;4871;2442;2429
63341;97;653;375;278
63343;7;9049;4528;4521
63355;5;12671;6338;6333
63359;17;3727;1872;1855
63363;3;21121;10562;10559
63373;127;499;313;186
63379;61;1039;550;489
63383;241;263;252;11
63401;13;4877;2445;2432
63407;163;389;276;113
63413;7;9059;4533;4526
63417;3;21139;10571;10568
63429;3;21143;10573;10570
63431;137;463;300;163
63433;229;277;253;24
63445;5;12689;6347;6342
63447;3;21149;10576;10573
63449;67;947;507;440
63451;107;593;350;243
63461;17;3733;1875;1858
63469;7;9067;4537;4530
63471;3;21157;10580;10577
63485;5;12697;6351;6346
63489;3;21163;10583;10580
63491;173;367;270;97
63507;3;21169;10586;10583
63509;41;1549;795;754
63515;5;12703;6354;6349
63517;19;3343;1681;1662
63523;139;457;298;159
63537;3;21179;10591;10588
63551;103;617;360;257
63557;13;4889;2451;2438
63561;3;21187;10595;10592
63563;17;3739;1878;1861
63565;5;12713;6359;6354
63569;11;5779;2895;2884
63571;151;421;286;135
63573;3;21191;10597;10594
63579;3;21193;10598;10595
63593;19;3347;1683;1664
63605;5;12721;6363;6358
63613;11;5783;2897;2886
63619;113;563;338;225
63633;3;21211;10607;10604
63637;7;9091;4549;4542
63641;23;2767;1395;1372
63643;31;2053;1042;1011
63653;53;1201;627;574
63663;3;21221;10612;10609
63673;41;1553;797;756
63677;37;1721;879;842
63681;3;21227;10615;10612
63683;43;1481;762;719
63695;5;12739;6372;6367
63701;11;5791;2901;2890
63715;5;12743;6374;6369
63721;7;9103;4555;4548
63731;101;631;366;265
63739;13;4903;2458;2445
63741;3;21247;10625;10622
63751;37;1723;880;843
63757;103;619;361;258
63763;7;9109;4558;4551
63769;43;1483;763;720
63785;5;12757;6381;6376
63787;227;281;254;27
63797;131;487;309;178
63807;3;21269;10636;10633
63811;11;5801;2906;2895
63815;5;12763;6384;6379
63817;13;4909;2461;2448
63821;19;3359;1689;1670
63827;83;769;426;343
63831;3;21277;10640;10637
63849;3;21283;10643;10640
63851;67;953;510;443
63859;19;3361;1690;1671
63871;23;2777;1400;1377
63877;11;5807;2909;2898
63881;127;503;315;188
63883;193;331;262;69
63887;29;2203;1116;1087
63889;7;9127;4567;4560
63893;181;353;267;86
63905;5;12781;6393;6388
63911;79;809;444;365
63919;41;1559;800;759
63923;97;659;378;281
63931;7;9133;4570;4563
63937;17;3761;1889;1872
63939;3;21313;10658;10655
63941;43;1487;765;722
63943;11;5813;2912;2901
63947;13;4919;2466;2453
63951;3;21317;10660;10657
63953;31;2063;1047;1016
63955;5;12791;6398;6393
63957;3;21319;10661;10658
63959;7;9137;4572;4565
63961;167;383;275;108
63967;47;1361;704;657
63969;3;21323;10663;10660
63979;137;467;302;165
63983;109;587;348;239
63989;61;1049;555;494
63991;89;719;404;315
63995;5;12799;6402;6397
64003;29;2207;1118;1089
64021;73;877;475;402
64023;3;21341;10672;10669
64027;43;1489;766;723
64031;11;5821;2916;2905
64039;17;3767;1892;1875
64041;3;21347;10675;10672
64045;5;12809;6407;6402
64049;19;3371;1695;1676
64057;7;9151;4579;4572
64069;79;811;445;366
64073;17;3769;1893;1876
64079;139;461;300;161
64087;19;3373;1696;1677
64093;107;599;353;246
64097;11;5827;2919;2908
64099;7;9157;4582;4575
64103;13;4931;2472;2459
64105;5;12821;6413;6408
64111;61;1051;556;495
64115;5;12823;6414;6409
64117;97;661;379;282
64121;37;1733;885;848
64127;7;9161;4584;4577
64129;13;4933;2473;2460
64131;3;21377;10690;10687
64133;59;1087;573;514
64137;3;21379;10691;10688
64139;31;2069;1050;1019
64145;5;12829;6417;6412
64147;23;2789;1406;1383
64149;3;21383;10693;10690
64159;83;773;428;345
64173;3;21391;10697;10694
64177;29;2213;1121;1092
64181;13;4937;2475;2462
64191;3;21397;10700;10697
64193;23;2791;1407;1384
64199;43;1493;768;725
64203;3;21401;10702;10699
64205;5;12841;6423;6418
64211;7;9173;4590;4583
64213;157;409;283;126
64219;149;431;290;141
64221;3;21407;10705;10702
64229;11;5839;2925;2914
64241;227;283;255;28
64243;17;3779;1898;1881
64247;41;1567;804;763
64249;47;1367;707;660
64257;3;21419;10711;10708
64259;13;4943;2478;2465
64261;179;359;269;90
64265;5;12853;6429;6424
64267;7;9181;4594;4587
64273;11;5843;2927;2916
64289;53;1213;633;580
64291;239;269;254;15
64297;113;569;341;228
64299;3;21433;10718;10715
64307;107;601;354;247
64309;7;9187;4597;4590
64313;73;881;477;404
64321;131;491;311;180
64331;23;2797;1410;1387
64339;11;5849;2930;2919
64349;229;281;255;26
64357;139;463;301;162
64361;11;5851;2931;2920
64363;13;4951;2482;2469
64367;191;337;264;73
64369;59;1091;575;516
64391;19;3389;1704;1685
64393;7;9199;4603;4596
64397;71;907;489;418
64401;3;21467;10735;10732
64409;29;2221;1125;1096
64411;41;1571;806;765
64417;37;1741;889;852
64421;7;9203;4605;4598
64423;23;2801;1412;1389
64427;11;5857;2934;2923
64429;19;3391;1705;1686
64441;13;4957;2485;2472
64443;3;21481;10742;10739
64445;5;12889;6447;6442
64457;43;1499;771;728
64459;73;883;478;405
64461;3;21487;10745;10742
64463;7;9209;4608;4601
64465;5;12893;6449;6444
64469;23;2803;1413;1390
64471;11;5861;2936;2925
64473;3;21491;10747;10744
64479;3;21493;10748;10745
64481;17;3793;1905;1888
64487;59;1093;576;517
64495;5;12899;6452;6447
64497;3;21499;10751;10748
64501;53;1217;635;582
64507;251;257;254;3
64509;3;21503;10753;10750
64511;31;2081;1056;1025
64517;149;433;291;142
64523;113;571;342;229
64529;173;373;273;100
64531;47;1373;710;663
64535;5;12907;6456;6451
64537;11;5867;2939;2928
64541;233;277;255;22
64547;7;9221;4614;4607
64549;17;3797;1907;1890
64551;3;21517;10760;10757
64555;5;12911;6458;6453
64559;11;5869;2940;2929
64563;3;21521;10762;10759
64569;3;21523;10763;10760
64571;13;4967;2490;2477
64573;31;2083;1057;1026
64585;5;12917;6461;6456
64587;3;21529;10766;10763
64589;7;9227;4617;4610
64595;5;12919;6462;6457
64597;13;4969;2491;2478
64615;5;12923;6464;6459
64637;109;593;351;242
64639;37;1747;892;855
64643;127;509;318;191
64649;13;4973;2493;2480
64651;17;3803;1910;1893
64669;11;5879;2945;2934
64671;3;21557;10780;10777
64673;7;9239;4623;4616
64677;3;21559;10781;10778
64681;71;911;491;420
64687;7;9241;4624;4617
64689;3;21563;10783;10780
64691;11;5881;2946;2935
64697;31;2087;1059;1028
64703;89;727;408;319
64705;5;12941;6473;6468
64707;3;21569;10786;10783
64711;163;397;280;117
64721;61;1061;561;500
64723;59;1097;578;519
64731;3;21577;10790;10787
64733;19;3407;1713;1694
64739;41;1579;810;769
64741;101;641;371;270
64751;73;887;480;407
64759;31;2089;1060;1029
64761;3;21587;10795;10792
64765;5;12953;6479;6474
64767;3;21589;10796;10793
64769;239;271;255;16
64777;211;307;259;48
64789;67;967;517;450
64795;5;12959;6482;6477
64797;3;21599;10801;10798
64799;7;9257;4632;4625
64803;3;21601;10802;10799
64807;229;283;256;27
64819;53;1223;638;585
64829;241;269;255;14
64831;13;4987;2500;2487
64833;3;21611;10807;10804
64835;5;12967;6486;6481
64837;23;2819;1421;1398
64839;3;21613;10808;10805
64843;61;1063;562;501
64847;19;3413;1716;1697
64851;3;21617;10810;10807
64859;79;821;450;371
64861;37;1753;895;858
64865;5;12973;6489;6484
64867;11;5897;2954;2943
64873;29;2237;1133;1104
64895;5;12979;6492;6487
64903;41;1583;812;771
64907;47;1381;714;667
64909;13;4993;2503;2490
64913;139;467;303;164
64915;5;12983;6494;6489
64931;29;2239;1134;1105
64933;11;5903;2957;2946
64939;7;9277;4642;4635
64941;3;21647;10825;10822
64943;101;643;372;271
64947;3;21649;10826;10823
64949;107;607;357;250
64957;17;3821;1919;1902
64963;167;389;278;111
64967;7;9281;4644;4637
64973;43;1511;777;734
64979;181;359;270;89
64981;7;9283;4645;4638
64983;3;21661;10832;10829
64987;13;4999;2506;2493
64991;17;3823;1920;1903
64993;103;631;367;264
65005;5;13001;6503;6498
65015;5;13003;6504;6499
65017;79;823;451;372
65019;3;21673;10838;10835
65035;5;13007;6506;6501
65039;13;5003;2508;2495
65041;193;337;265;72
65045;5;13009;6507;6502
65047;29;2243;1136;1107
65049;3;21683;10843;10840
65051;7;9293;4650;4643
65057;67;971;519;452
65069;31;2099;1065;1034
65077;59;1103;581;522
65081;151;431;291;140
65083;37;1759;898;861
65103;3;21701;10852;10849
65117;13;5009;2511;2498
65137;53;1229;641;588
65139;3;21713;10858;10855
65143;13;5011;2512;2499
65153;11;5923;2967;2956
65159;23;2833;1428;1405
65161;17;3833;1925;1908
65165;5;13033;6519;6514
65177;7;9311;4659;4652
65181;3;21727;10865;10862
65185;5;13037;6521;6516
65197;11;5927;2969;2958
65201;113;577;345;232
65207;197;331;264;67
65209;61;1069;565;504
65211;3;21737;10870;10867
65215;5;13043;6524;6519
65217;3;21739;10871;10868
65227;19;3433;1726;1707
65233;7;9319;4663;4656
65237;89;733;411;322
65243;53;1231;642;589
65245;5;13049;6527;6522
65249;71;919;495;424
65251;23;2837;1430;1407
65253;3;21751;10877;10874
65261;7;9323;4665;4658
65271;3;21757;10880;10877
65273;13;5021;2517;2504
65279;29;2251;1140;1111
65281;97;673;385;288
65291;109;599;354;245
65299;13;5023;2518;2505
65301;3;21767;10885;10882
65311;241;271;256;15
65315;5;13063;6534;6529
65319;3;21773;10888;10885
65321;83;787;435;352
65329;11;5939;2975;2964
65333;79;827;453;374
65339;223;293;258;35
65347;101;647;374;273
65359;7;9337;4672;4665
65361;3;21787;10895;10892
65363;163;401;282;119
65369;131;499;315;184
65383;151;433;292;141
65387;7;9341;4674;4667
65389;23;2843;1433;1410
65397;3;21799;10901;10898
65399;17;3847;1932;1915
65401;7;9343;4675;4668
65409;3;21803;10903;10900
65411;149;439;294;145
65431;59;1109;584;525
65441;31;2111;1071;1040
65443;7;9349;4678;4671
65451;3;21817;10910;10907
65459;67;977;522;455
65463;3;21821;10912;10909
65465;5;13093;6549;6544
65467;17;3851;1934;1917
65473;233;281;257;24
65477;41;1597;819;778
65483;11;5953;2982;2971
65489;43;1523;783;740
65491;79;829;454;375
65495;5;13099;6552;6547
65501;17;3853;1935;1918
65503;31;2113;1072;1041
65507;13;5039;2526;2513
65509;109;601;355;246
65515;5;13103;6554;6549
65517;3;21839;10921;10918
65523;3;21841;10922;10919
65531;19;3449;1734;1715
65545;5;13109;6557;6552
65553;3;21851;10927;10924
65561;53;1237;645;592
65567;173;379;276;103
65573;23;2851;1437;1414
65577;3;21859;10931;10928
65589;3;21863;10933;10930
65591;107;613;360;253
65597;7;9371;4689;4682
65605;5;13121;6563;6558
65613;3;21871;10937;10934
65621;211;311;261;50
65623;137;479;308;171
65635;5;13127;6566;6561
65639;7;9377;4692;4685
65641;41;1601;821;780
65643;3;21881;10942;10939
65663;13;5051;2532;2519
65669;97;677;387;290
65671;17;3863;1940;1923
65679;3;21893;10948;10945
65683;19;3457;1738;1719
65693;179;367;273;94
65711;23;2857;1440;1417
65733;3;21911;10957;10954
65735;5;13147;6576;6571
65737;7;9391;4699;4692
65743;29;2267;1148;1119
65749;37;1777;907;870
65753;47;1399;723;676
65755;5;13151;6578;6573
65759;19;3461;1740;1721
65767;13;5059;2536;2523
65771;89;739;414;325
65779;7;9397;4702;4695
65783;157;419;288;131
65787;3;21929;10966;10963
65791;11;5981;2996;2985
65795;5;13159;6582;6577
65797;19;3463;1741;1722
65801;29;2269;1149;1120
65803;23;2861;1442;1419
65811;3;21937;10970;10967
65815;5;13163;6584;6579
65821;7;9403;4705;4698
65829;3;21943;10973;10970
65833;43;1531;787;744
65855;5;13171;6588;6583
65857;11;5987;2999;2988
65861;67;983;525;458
65869;199;331;265;66
65873;19;3467;1743;1724
65883;3;21961;10982;10979
65885;5;13177;6591;6586
65887;41;1607;824;783
65891;7;9413;4710;4703
65893;131;503;317;186
65903;59;1117;588;529
65909;17;3877;1947;1930
65911;19;3469;1744;1725
65915;5;13183;6594;6589
65917;29;2273;1151;1122
65931;3;21977;10990;10987
65933;7;9419;4713;4706
65935;5;13187;6596;6591
65939;233;283;258;25
65947;7;9421;4714;4707
65953;101;653;377;276
65959;71;929;500;429
65969;41;1609;825;784
65971;37;1783;910;873
65973;3;21991;10997;10994
65977;17;3881;1949;1932
65991;3;21997;11000;10997
65999;31;2129;1080;1049
66001;13;5077;2545;2532
66007;149;443;296;147
66009;3;22003;11003;11000
66013;251;263;257;6
66017;7;9431;4719;4712
66019;107;617;362;255
66023;103;641;372;269
66031;7;9433;4720;4713
66039;3;22013;11008;11005
66043;211;313;262;51
66049;257;257;257;0
66053;13;5081;2547;2534
66059;7;9437;4722;4715
66061;31;2131;1081;1050
66073;7;9439;4723;4716
66077;11;6007;3009;2998
66081;3;22027;11015;11012
66085;5;13217;6611;6606
66093;3;22031;11017;11014
66095;5;13219;6612;6607
66097;157;421;289;132
66111;3;22037;11020;11017
66113;17;3889;1953;1936
66117;3;22039;11021;11018
66119;37;1787;912;875
66121;11;6011;3011;3000
66127;89;743;416;327
66131;13;5087;2550;2537
66133;41;1613;827;786
66145;5;13229;6617;6612
66149;29;2281;1155;1126
66151;83;797;440;357
66153;3;22051;11027;11024
66163;109;607;358;249
66167;127;521;324;197
66189;3;22063;11033;11030
66193;37;1789;913;876
66197;53;1249;651;598
66201;3;22067;11035;11032
66203;239;277;258;19
66205;5;13241;6623;6618
66211;73;907;490;417
66217;23;2879;1451;1428
66219;3;22073;11038;11035
66223;47;1409;728;681
66227;7;9461;4734;4727
66229;103;643;373;270
66233;107;619;363;256
66237;3;22079;11041;11038
66241;7;9463;4735;4728
66245;5;13249;6627;6622
66247;31;2137;1084;1053
66251;97;683;390;293
66257;59;1123;591;532
66259;173;383;278;105
66269;7;9467;4737;4730
66273;3;22091;11047;11044
66277;191;347;269;78
66279;3;22093;11048;11045
66281;79;839;459;380
66287;13;5099;2556;2543
66289;151;439;295;144
66295;5;13259;6632;6627
66299;167;397;282;115
66307;61;1087;574;513
66311;7;9473;4740;4733
66313;13;5101;2557;2544
66319;11;6029;3020;3009
66323;29;2287;1158;1129
66327;3;22109;11056;11053
66329;19;3491;1755;1736
66331;113;587;350;237
66333;3;22111;11057;11054
66335;5;13267;6636;6631
66349;43;1543;793;750
66353;7;9479;4743;4736
66369;3;22123;11063;11060
66371;31;2141;1086;1055
66379;41;1619;830;789
66387;3;22129;11066;11063
66389;197;337;267;70
66391;13;5107;2560;2547
66397;67;991;529;462
66399;3;22133;11068;11065
66401;23;2887;1455;1432
66407;11;6037;3024;3013
66419;17;3907;1962;1945
66421;127;523;325;198
66427;181;367;274;93
66433;31;2143;1087;1056
66437;7;9491;4749;4742
66441;3;22147;11075;11072
66455;5;13291;6648;6643
66459;3;22153;11078;11075
66461;41;1621;831;790
66469;13;5113;2563;2550
66471;3;22157;11080;11077
66473;11;6043;3027;3016
66477;3;22159;11081;11078
66479;7;9497;4752;4745
66481;19;3499;1759;1740
66485;5;13297;6651;6646
66487;17;3911;1964;1947
66497;29;2293;1161;1132
66503;73;911;492;419
66511;227;293;260;33
66513;3;22171;11087;11084
66517;11;6047;3029;3018
66527;71;937;504;433
66545;5;13309;6657;6652
66547;13;5119;2566;2553
66551;61;1091;576;515
66559;101;659;380;279
66565;5;13313;6659;6654
66567;3;22189;11096;11093
66577;7;9511;4759;4752
66579;3;22193;11098;11095
66581;139;479;309;170
66583;11;6053;3032;3021
66589;17;3917;1967;1950
66607;43;1549;796;753
66611;59;1129;594;535
66613;29;2297;1163;1134
66623;17;3919;1968;1951
66631;23;2897;1460;1437
66635;5;13327;6666;6661
66637;37;1801;919;882
66641;103;647;375;272
66647;7;9521;4764;4757
66655;5;13331;6668;6663
66659;191;349;270;79
66667;163;409;286;123
66673;61;1093;577;516
66679;131;509;320;189
66685;5;13337;6671;6666
66687;3;22229;11116;11113
66691;17;3923;1970;1953
66695;5;13339;6672;6667
66707;41;1627;834;793
66709;19;3511;1765;1746
66719;137;487;312;175
66727;53;1259;656;603
66731;7;9533;4770;4763
66737;11;6067;3039;3028
66741;3;22247;11125;11122
66743;31;2153;1092;1061
66757;241;277;259;18
66761;101;661;381;280
66767;179;373;276;97
66769;23;2903;1463;1440
66773;7;9539;4773;4766
66777;3;22259;11131;11128
66779;43;1553;798;755
66793;17;3929;1973;1956
66799;67;997;532;465
66803;11;6073;3042;3031
66811;71;941;506;435
66813;3;22271;11137;11134
66817;109;613;361;252
66819;3;22273;11138;11135
66823;19;3517;1768;1749
66827;17;3931;1974;1957
66829;7;9547;4777;4770
66831;3;22277;11140;11137
66835;5;13367;6686;6681
66837;3;22279;11141;11138
66839;89;751;420;331
66849;3;22283;11143;11140
66857;7;9551;4779;4772
66869;11;6079;3045;3034
66873;3;22291;11147;11144
66881;47;1423;735;688
66887;211;317;264;53
66893;151;443;297;146
66901;149;449;299;150
66905;5;13381;6693;6688
66907;23;2909;1466;1443
66909;3;22303;11153;11150
66911;13;5147;2580;2567
66917;61;1097;579;518
66921;3;22307;11155;11152
66961;29;2309;1169;1140
66967;167;401;284;117
66971;193;347;270;77
66979;11;6089;3050;3039
66985;5;13397;6701;6696
66989;13;5153;2583;2570
66991;31;2161;1096;1065
66995;5;13399;6702;6697
67001;11;6091;3051;3040
67007;37;1811;924;887
67009;113;593;353;240
67013;19;3527;1773;1754
67019;29;2311;1170;1141
67027;97;691;394;297
67029;3;22343;11173;11170
67031;17;3943;1980;1963
67037;43;1559;801;758
67047;3;22349;11176;11173
67051;19;3529;1774;1755
67055;5;13411;6708;6703
67063;199;337;268;69
67069;47;1427;737;690
67085;5;13417;6711;6706
67087;73;919;496;423
67091;23;2917;1470;1447
67097;229;293;261;32
67099;17;3947;1982;1965
67101;3;22367;11185;11182
67105;5;13421;6713;6708
67107;3;22369;11186;11183
67109;7;9587;4797;4790
67111;11;6101;3056;3045
67117;41;1637;839;798
67127;19;3533;1776;1757
67143;3;22381;11192;11189
67147;83;809;446;363
67159;239;281;260;21
67163;47;1429;738;691
67171;13;5167;2590;2577
67173;3;22391;11197;11194
67191;3;22397;11200;11197
67205;5;13441;6723;6718
67207;7;9601;4804;4797
67223;13;5171;2592;2579
67227;3;22409;11206;11203
67237;71;947;509;438
67241;19;3539;1779;1760
67243;11;6113;3062;3051
67253;109;617;363;254
67255;5;13451;6728;6723
67259;103;653;378;275
67267;137;491;314;177
67279;19;3541;1780;1761
67283;61;1103;582;521
67285;5;13457;6731;6726
67291;7;9613;4810;4803
67297;173;389;281;108
67299;3;22433;11218;11215
67313;83;811;447;364
67315;5;13463;6734;6729
67321;23;2927;1475;1452
67323;3;22441;11222;11219
67327;13;5179;2596;2583
67331;11;6121;3066;3055
67333;7;9619;4813;4806
67341;3;22447;11225;11222
67345;5;13469;6737;6732
67351;47;1433;740;693
67357;193;349;271;78
67359;3;22453;11228;11225
67361;7;9623;4815;4808
67373;89;757;423;334
67381;43;1567;805;762
67385;5;13477;6741;6736
67387;79;853;466;387
67393;19;3547;1783;1764
67403;7;9629;4818;4811
67407;3;22469;11236;11233
67417;7;9631;4819;4812
67423;191;353;272;81
67435;5;13487;6746;6741
67439;17;3967;1992;1975
67441;11;6131;3071;3060
67443;3;22481;11242;11239
67449;3;22483;11243;11240
67451;37;1823;930;893
67457;13;5189;2601;2588
67463;11;6133;3072;3061
67471;109;619;364;255
67495;5;13499;6752;6747
67501;7;9643;4825;4818
67503;3;22501;11252;11249
67513;181;373;277;96
67517;107;631;369;262
67519;251;269;260;9
67533;3;22511;11257;11254
67543;7;9649;4828;4821
67549;31;2179;1105;1074
67553;43;1571;807;764
67561;13;5197;2605;2592
67565;5;13513;6759;6754
67573;11;6143;3077;3066
67583;19;3557;1788;1769
67591;257;263;260;3
67593;3;22531;11267;11264
67597;23;2939;1481;1458
67603;67;1009;538;471
67615;5;13523;6764;6759
67621;19;3559;1789;1770
67623;3;22541;11272;11269
67627;7;9661;4834;4827
67629;3;22543;11273;11270
67633;47;1439;743;696
67637;239;283;261;22
67647;3;22549;11276;11273
67649;61;1109;585;524
67657;29;2333;1181;1152
67661;11;6151;3081;3070
67663;71;953;512;441
67667;157;431;294;137
67681;53;1277;665;612
67685;5;13537;6771;6766
67687;113;599;356;243
67693;139;487;313;174
67701;3;22567;11285;11282
67703;79;857;468;389
67713;3;22571;11287;11284
67717;13;5209;2611;2598
67719;3;22573;11288;11285
67721;241;281;261;20
67729;89;761;425;336
67739;7;9677;4842;4835
67747;37;1831;934;897
67753;7;9679;4843;4836
67765;5;13553;6779;6774
67787;53;1279;666;613
67793;11;6163;3087;3076
67799;151;449;300;149
67813;17;3989;2003;1986
67817;73;929;501;428
67823;7;9689;4848;4841
67831;29;2339;1184;1155
67835;5;13567;6786;6781
67839;3;22613;11308;11305
67841;179;379;279;100
67849;19;3571;1795;1776
67857;3;22619;11311;11308
67861;79;859;469;390
67863;3;22621;11312;11309
67871;67;1013;540;473
67877;103;659;381;278
67879;7;9697;4852;4845
67885;5;13577;6791;6786
67889;29;2341;1185;1156
67897;43;1579;811;768
67903;11;6173;3092;3081
67909;59;1151;605;546
67911;3;22637;11320;11317
67913;113;601;357;244
67917;3;22639;11321;11318
67919;23;2953;1488;1465
67929;3;22643;11323;11320
67937;41;1657;849;808
67951;13;5227;2620;2607
67953;3;22651;11327;11324
67955;5;13591;6798;6793
67973;101;673;387;286
67981;157;433;295;138
67985;5;13597;6801;6796
67997;97;701;399;302
67999;53;1283;668;615
68003;13;5231;2622;2609
68007;3;22669;11336;11333
68009;47;1447;747;700
68011;23;2957;1490;1467
68017;17;4001;2009;1992
68021;251;271;261;10
68027;59;1153;606;547
68029;13;5233;2623;2610
68033;7;9719;4863;4856
68037;3;22679;11341;11338
68039;19;3581;1800;1781
68047;7;9721;4864;4857
68051;17;4003;2010;1993
68063;29;2347;1188;1159
68065;5;13613;6809;6804
68069;43;1583;813;770
68073;3;22691;11347;11344
68077;19;3583;1801;1782
68081;13;5237;2625;2612
68083;103;661;382;279
68091;3;22697;11350;11347
68093;149;457;303;154
68095;5;13619;6812;6807
68097;3;22699;11351;11348
68119;17;4007;2012;1995
68127;3;22709;11356;11353
68129;193;353;273;80
68131;7;9733;4870;4863
68135;5;13627;6816;6811
68137;61;1117;589;528
68143;83;821;452;369
68149;23;2963;1493;1470
68151;3;22717;11360;11357
68163;3;22721;11362;11359
68165;5;13633;6819;6814
68167;11;6197;3104;3093
68173;7;9739;4873;4866
68177;79;863;471;392
68179;29;2351;1190;1161
68181;3;22727;11365;11362
68183;41;1663;852;811
68189;11;6199;3105;3094
68197;47;1451;749;702
68201;7;9743;4875;4868
68203;241;283;262;21
68217;3;22739;11371;11368
68221;17;4013;2015;1998
68223;3;22741;11372;11369
68233;11;6203;3107;3096
68243;7;9749;4878;4871
68245;5;13649;6827;6822
68249;139;491;315;176
68251;131;521;326;195
68253;3;22751;11377;11374
68267;19;3593;1806;1787
68269;233;293;263;30
68273;67;1019;543;476
68287;23;2969;1496;1473
68291;47;1453;750;703
68293;31;2203;1117;1086
68297;163;419;291;128
68303;167;409;288;121
68307;3;22769;11386;11383
68309;83;823;453;370
68317;53;1289;671;618
68321;11;6211;3111;3100
68323;17;4019;2018;2001
68331;3;22777;11390;11387
68333;23;2971;1497;1474
68339;37;1847;942;905
68345;5;13669;6837;6832
68347;41;1667;854;813
68349;3;22783;11393;11390
68353;29;2357;1193;1164
68357;17;4021;2019;2002
68359;197;347;272;75
68361;3;22787;11395;11392
68363;137;499;318;181
68369;7;9767;4887;4880
68377;101;677;389;288
68383;7;9769;4888;4881
68387;11;6217;3114;3103
68393;13;5261;2637;2624
68395;5;13679;6842;6837
68401;73;937;505;432
68405;5;13681;6843;6838
68407;67;1021;544;477
68417;31;2207;1119;1088
68421;3;22807;11405;11402
68423;53;1291;672;619
68429;41;1669;855;814
68431;11;6221;3116;3105
68433;3;22811;11407;11404
68435;5;13687;6846;6841
68441;89;769;429;340
68451;3;22817;11410;11407
68455;5;13691;6848;6843
68459;17;4027;2022;2005
68461;223;307;265;42
68465;5;13693;6849;6844
68467;7;9781;4894;4887
68485;5;13697;6851;6846
68503;61;1123;592;531
68509;7;9787;4897;4890
68513;131;523;327;196
68519;11;6229;3120;3109
68533;19;3607;1813;1794
68537;7;9791;4899;4892
68545;5;13709;6857;6852
68549;13;5273;2643;2630
68555;5;13711;6858;6853
68557;179;383;281;102
68559;3;22853;11428;11425
68569;191;359;275;84
68573;47;1459;753;706
68577;3;22859;11431;11428
68583;3;22861;11432;11429
68587;107;641;374;267
68591;113;607;360;247
68599;181;379;280;99
68603;31;2213;1122;1091
68605;5;13721;6863;6858
68613;3;22871;11437;11434
68615;5;13723;6864;6859
68617;59;1163;611;552
68621;7;9803;4905;4898
68623;163;421;292;129
68627;13;5279;2646;2633
68631;3;22877;11440;11437
68641;83;827;455;372
68645;5;13729;6867;6862
68647;19;3613;1816;1797
68653;13;5281;2647;2634
68657;71;967;519;448
68671;43;1597;820;777
68677;7;9811;4909;4902
68681;173;397;285;112
68689;149;461;305;156
68693;73;941;507;434
68703;3;22901;11452;11449
68707;127;541;334;207
68717;11;6247;3129;3118
68719;7;9817;4912;4905
68721;3;22907;11455;11452
68723;19;3617;1818;1799
68741;53;1297;675;622
68753;197;349;273;76
68755;5;13751;6878;6873
68759;29;2371;1200;1171
68763;3;22921;11462;11459
68773;97;709;403;306
68779;109;631;370;261
68785;5;13757;6881;6876
68795;5;13759;6882;6877
68797;89;773;431;342
68801;107;643;375;268
68803;7;9829;4918;4911
68807;83;829;456;373
68811;3;22937;11470;11467
68815;5;13763;6884;6879
68827;11;6257;3134;3123
68829;3;22943;11473;11470
68831;7;9833;4920;4913
68833;17;4049;2033;2016
68837;19;3623;1821;1802
68843;43;1601;822;779
68851;31;2221;1126;1095
68857;37;1861;949;912
68861;13;5297;2655;2642
68867;17;4051;2034;2017
68869;61;1129;595;534
68873;7;9839;4923;4916
68883;3;22961;11482;11479
68889;3;22963;11483;11480
68893;11;6263;3137;3126
68905;5;13781;6893;6888
68911;137;503;320;183
68919;3;22973;11488;11485
68923;157;439;298;141
68933;29;2377;1203;1174
68939;13;5303;2658;2645
68941;71;971;521;450
68945;5;13789;6897;6892
68953;53;1301;677;624
68957;7;9851;4929;4922
68959;11;6269;3140;3129
68969;17;4057;2037;2020
68977;23;2999;1511;1488
68979;3;22993;11498;11495
68981;11;6271;3141;3130
68983;101;683;392;291
68987;149;463;306;157
68989;19;3631;1825;1806
68995;5;13799;6902;6897
68999;7;9857;4932;4925
69007;151;457;304;153
69009;3;23003;11503;11500
69013;7;9859;4933;4926
69017;13;5309;2661;2648
69023;23;3001;1512;1489
69033;3;23011;11507;11504
69035;5;13807;6906;6901
69047;11;6277;3144;3133
69049;29;2381;1205;1176
69051;3;23017;11510;11507
69053;199;347;273;74
69059;53;1303;678;625
69063;3;23021;11512;11509
69077;67;1031;549;482
69079;37;1867;952;915
69081;3;23027;11515;11512
69087;3;23029;11516;11513
69089;59;1171;615;556
69097;7;9871;4939;4932
69101;43;1607;825;782
69103;19;3637;1828;1809
69107;29;2383;1206;1177
69117;3;23039;11521;11518
69123;3;23041;11522;11519
69131;73;947;510;437
69133;257;269;263;6
69137;47;1471;759;712
69145;5;13829;6917;6912
69155;5;13831;6918;6913
69157;11;6287;3149;3138
69159;3;23053;11528;11525
69169;263;263;263;0
69171;3;23057;11530;11527
69177;3;23059;11531;11528
69181;7;9883;4945;4938
69187;43;1609;826;783
69189;3;23063;11533;11530
69199;13;5323;2668;2655
69205;5;13841;6923;6918
69209;7;9887;4947;4940
69211;67;1033;550;483
69213;3;23071;11537;11534
69217;19;3643;1831;1812
69227;37;1871;954;917
69229;107;647;377;270
69241;17;4073;2045;2028
69243;3;23081;11542;11539
69253;23;3011;1517;1494
69261;3;23087;11545;11542
69269;113;613;363;250
69271;53;1307;680;627
69281;29;2389;1209;1180
69283;79;877;478;399
69287;193;359;276;83
69289;11;6299;3155;3144
69295;5;13859;6932;6927
69297;3;23099;11551;11548
69301;37;1873;955;918
69307;7;9901;4954;4947
69311;11;6301;3156;3145
69319;103;673;388;285
69323;181;383;282;101
69329;13;5333;2673;2660
69343;17;4079;2048;2031
69347;31;2237;1134;1103
69349;7;9907;4957;4950
69351;3;23117;11560;11557
69353;223;311;267;44
69359;43;1613;828;785
69361;139;499;319;180
69365;5;13873;6939;6934
69367;71;977;524;453
69373;173;401;287;114
69385;5;13877;6941;6936
69393;3;23131;11567;11564
69395;5;13879;6942;6937
69397;29;2393;1211;1182
69409;31;2239;1135;1104
69413;41;1693;867;826
69415;5;13883;6944;6939
69421;11;6311;3161;3150
69429;3;23143;11573;11570
69437;23;3019;1521;1498
69449;37;1877;957;920
69451;199;349;274;75
69461;7;9923;4965;4958
69469;127;547;337;210
69477;3;23159;11581;11578
69487;11;6317;3164;3153
69501;3;23167;11585;11582
69503;7;9929;4968;4961
69505;5;13901;6953;6948
69511;13;5347;2680;2667
69515;5;13903;6954;6949
69517;7;9931;4969;4962
69519;3;23173;11588;11585
69521;19;3659;1839;1820
69523;37;1879;958;921
69527;251;277;264;13
69529;23;3023;1523;1500
69533;31;2243;1137;1106
69535;5;13907;6956;6951
69541;197;353;275;78
69547;17;4091;2054;2037
69551;157;443;300;143
69553;11;6323;3167;3156
69563;13;5351;2682;2669
69565;5;13913;6959;6954
69567;3;23189;11596;11593
69569;73;953;513;440
69571;29;2399;1214;1185
69577;41;1697;869;828
69581;17;4093;2055;2038
69583;149;467;308;159
69587;7;9941;4974;4967
69591;3;23197;11600;11597
69599;79;881;480;401
69603;3;23201;11602;11599
69605;5;13921;6963;6958
69607;47;1481;764;717
69609;3;23203;11603;11600
69611;151;461;306;155
69613;67;1039;553;486
69617;43;1619;831;788
69619;11;6329;3170;3159
69627;3;23209;11606;11603
69631;179;389;284;105
69637;83;839;461;378
69643;7;9949;4978;4971
69647;257;271;264;7
69655;5;13931;6968;6963
69659;41;1699;870;829
69665;5;13933;6969;6964
69679;59;1181;620;561
69681;3;23227;11615;11612
69683;17;4099;2058;2041
69689;227;307;267;40
69701;47;1483;765;718
69703;43;1621;832;789
69707;11;6337;3174;3163
69721;113;617;365;252
69731;103;677;390;287
69733;137;509;323;186
69743;97;719;408;311
69749;19;3671;1845;1826
69753;3;23251;11627;11624
69757;79;883;481;402
69769;7;9967;4987;4980
69773;11;6343;3177;3166
69781;31;2251;1141;1110
69787;19;3673;1846;1827
69791;101;691;396;295
69793;71;983;527;456
69799;223;313;268;45
69807;3;23269;11636;11633
69811;7;9973;4990;4983
69815;5;13963;6984;6979
69835;5;13967;6986;6981
69837;3;23279;11641;11638
69841;211;331;271;60
69851;23;3037;1530;1507
69863;19;3677;1848;1829
69869;109;641;375;266
69871;107;653;380;273
69873;3;23291;11647;11644
69879;3;23293;11648;11645
69883;11;6353;3182;3171
69887;17;4111;2064;2047
69889;47;1487;767;720
69891;3;23297;11650;11647
69893;37;1889;963;926
69907;53;1319;686;633
69913;151;463;307;156
69917;139;503;321;182
69919;29;2411;1220;1191
69933;3;23311;11657;11654
69943;23;3041;1532;1509
69947;113;619;366;253
69949;11;6359;3185;3174
69953;13;5381;2697;2684
69961;43;1627;835;792
69963;3;23321;11662;11659
69971;11;6361;3186;3175
69973;167;419;293;126
69981;3;23327;11665;11662
69983;47;1489;768;721
69985;5;13997;7001;6996
69995;5;13999;7002;6997
69999;3;23333;11668;11665
70013;53;1321;687;634
70017;3;23339;11671;11668
70027;239;293;266;27
70031;13;5387;2700;2687
70033;59;1187;623;564
70037;11;6367;3189;3178
70043;89;787;438;349
70045;5;14009;7007;7002
70049;7;10007;5007;5000
70055;5;14011;7008;7003
70063;7;10009;5008;5001
70069;41;1709;875;834
70071;3;23357;11680;11677
70073;79;887;483;404
70087;109;643;376;267
70093;29;2417;1223;1194
70097;191;367;279;88
70103;11;6373;3192;3181
70107;3;23369;11686;11683
70109;13;5393;2703;2690
70113;3;23371;11687;11684
70127;23;3049;1536;1513
70129;19;3691;1855;1836
70145;5;14029;7017;7012
70159;17;4127;2072;2055
70165;5;14033;7019;7014
70169;11;6379;3195;3184
70171;47;1493;770;723
70187;13;5399;2706;2693
70193;17;4129;2073;2056
70197;3;23399;11701;11698
70211;61;1151;606;545
70243;19;3697;1858;1839
70247;199;353;276;77
70251;3;23417;11710;11707
70253;163;431;297;134
70255;5;14051;7028;7023
70259;7;10037;5022;5015
70261;17;4133;2075;2058
70267;29;2423;1226;1197
70273;7;10039;5023;5016
70277;31;2267;1149;1118
70279;11;6389;3200;3189
70283;67;1049;558;491
70285;5;14057;7031;7026
70291;13;5407;2710;2697
70293;3;23431;11717;11714
70303;229;307;268;39
70307;167;421;294;127
70319;19;3701;1860;1841
70331;53;1327;690;637
70333;61;1153;607;546
70337;37;1901;969;932
70339;31;2269;1150;1119
70341;3;23447;11725;11722
70349;103;683;393;290
70355;5;14071;7038;7033
70361;71;991;531;460
70363;17;4139;2078;2061
70367;11;6397;3204;3193
70369;13;5413;2713;2700
70377;3;23459;11731;11728
70387;59;1193;626;567
70391;43;1637;840;797
70403;23;3061;1542;1519
70405;5;14081;7043;7038
70409;181;389;285;104
70415;5;14083;7044;7039
70417;67;1051;559;492
70419;3;23473;11738;11735
70421;13;5417;2715;2702
70427;7;10061;5034;5027
70435;5;14087;7046;7041
70447;13;5419;2716;2703
70453;47;1499;773;726
70463;31;2273;1152;1121
70469;7;10067;5037;5030
70471;19;3709;1864;1845
70483;7;10069;5038;5031
70491;3;23497;11750;11747
70493;157;449;303;146
70513;107;659;383;276
70517;151;467;309;158
70519;97;727;412;315
70523;109;647;378;269
70527;3;23509;11756;11753
70531;251;281;266;15
70535;5;14107;7056;7051
70541;23;3067;1545;1522
70553;7;10079;5043;5036
70559;37;1907;972;935
70561;41;1721;881;840
70579;163;433;298;135
70591;73;967;520;447
70593;3;23531;11767;11764
70597;227;311;269;42
70601;17;4153;2085;2068
70603;13;5431;2722;2709
70611;3;23537;11770;11767
70613;241;293;267;26
70617;3;23539;11771;11768
70631;11;6421;3216;3205
70637;7;10091;5049;5042
70643;41;1723;882;841
70647;3;23549;11776;11773
70651;7;10093;5050;5043
70661;19;3719;1869;1850
70669;17;4157;2087;2070
70671;3;23557;11780;11777
70673;29;2437;1233;1204
70681;13;5437;2725;2712
70683;3;23561;11782;11779
70689;3;23563;11783;11780
70691;223;317;270;47
70693;7;10099;5053;5046
70697;11;6427;3219;3208
70701;3;23567;11785;11782
70703;17;4159;2088;2071
70711;31;2281;1156;1125
70715;5;14143;7074;7069
70721;7;10103;5055;5048
70723;197;359;278;81
70727;107;661;384;277
70733;13;5441;2727;2714
70739;127;557;342;215
70743;3;23581;11792;11789
70745;5;14149;7077;7072
70747;263;269;266;3
70751;139;509;324;185
70757;173;409;291;118
70759;13;5443;2728;2715
70765;5;14153;7079;7074
70777;7;10111;5059;5052
70779;3;23593;11798;11795
70781;37;1913;975;938
70787;71;997;534;463
70789;29;2441;1235;1206
70795;5;14159;7082;7077
70797;3;23599;11801;11798
70799;83;853;468;385
70801;101;701;401;300
70809;3;23603;11803;11800
70813;19;3727;1873;1854
70817;23;3079;1551;1528
70827;3;23609;11806;11803
70831;193;367;280;87
70837;13;5449;2731;2718
70859;59;1201;630;571
70865;5;14173;7089;7084
70869;3;23623;11813;11810
70871;131;541;336;205
70881;3;23627;11815;11812
70883;73;971;522;449
70885;5;14177;7091;7086
70887;3;23629;11816;11813
70897;31;2287;1159;1128
70899;3;23633;11818;11815
70909;23;3083;1553;1530
70927;19;3733;1876;1857
70931;7;10133;5070;5063
70933;89;797;443;354
70939;11;6449;3230;3219
70943;61;1163;612;551
70961;11;6451;3231;3220
70963;29;2447;1238;1209
70973;7;10139;5073;5066
70985;5;14197;7101;7096
70987;7;10141;5074;5067
70989;3;23663;11833;11830
71007;3;23669;11836;11833
71009;17;4177;2097;2080
71013;3;23671;11837;11834
71017;47;1511;779;732
71031;3;23677;11840;11837
71033;251;283;267;16
71035;5;14207;7106;7101
71041;19;3739;1879;1860
71047;23;3089;1556;1533
71051;227;313;270;43
71053;41;1733;887;846
71057;7;10151;5079;5072
71061;3;23687;11845;11842
71063;179;397;288;109
71067;3;23689;11846;11843
71083;31;2293;1162;1131
71087;67;1061;564;497
71101;97;733;415;318
71105;5;14221;7113;7108
71107;211;337;274;63
71113;7;10159;5083;5076
71123;13;5471;2742;2729
71131;83;857;470;387
71141;7;10163;5085;5078
71157;3;23719;11861;11858
71159;11;6469;3240;3229
71173;103;691;397;294
71177;109;653;381;272
71183;7;10169;5088;5081
71189;257;277;267;10
71201;13;5477;2745;2732
71203;11;6473;3242;3231
71207;31;2297;1164;1133
71215;5;14243;7124;7119
71219;229;311;270;41
71221;67;1063;565;498
71223;3;23741;11872;11869
71227;13;5479;2746;2733
71229;3;23743;11873;11870
71239;7;10177;5092;5085
71241;3;23747;11875;11872
71243;191;373;282;91
71245;5;14249;7127;7122
71251;43;1657;850;807
71255;5;14251;7128;7123
71259;3;23753;11878;11875
71267;7;10181;5094;5087
71273;263;271;267;4
71279;13;5483;2748;2735
71283;3;23761;11882;11879
71291;11;6481;3246;3235
71297;83;859;471;388
71301;3;23767;11885;11882
71303;113;631;372;259
71311;29;2459;1244;1215
71319;3;23773;11888;11885
71321;73;977;525;452
71351;7;10193;5100;5093
71367;3;23789;11896;11893
71371;149;479;314;165
71377;137;521;329;192
71381;41;1741;891;850
71401;11;6491;3251;3240
71403;3;23801;11902;11899
71405;5;14281;7143;7138
71417;17;4201;2109;2092
71431;61;1171;616;555
71439;3;23813;11908;11905
71441;199;359;279;80
71447;37;1931;984;947
71457;3;23819;11911;11908
71459;19;3761;1890;1871
71465;5;14293;7149;7144
71477;7;10211;5109;5102
71481;3;23827;11915;11912
71493;3;23831;11917;11914
71499;3;23833;11918;11915
71501;127;563;345;218
71507;23;3109;1566;1543
71509;43;1663;853;810
71513;13;5501;2757;2744
71515;5;14303;7154;7149
71521;37;1933;985;948
71531;233;307;270;37
71539;13;5503;2758;2745
71543;29;2467;1248;1219
71557;163;439;301;138
71561;7;10223;5115;5108
71567;59;1213;636;577
71571;3;23857;11930;11927
71573;19;3767;1893;1874
71579;31;2309;1170;1139
71581;47;1523;785;738
71587;17;4211;2114;2097
71591;13;5507;2760;2747
71605;5;14321;7163;7158
71607;3;23869;11936;11933
71609;101;709;405;304
71611;19;3769;1894;1875
71615;5;14323;7164;7159
71619;3;23873;11938;11935
71623;67;1069;568;501
71627;41;1747;894;853
71629;83;863;473;390
71635;5;14327;7166;7161
71637;3;23879;11941;11938
71639;71;1009;540;469
71641;31;2311;1171;1140
71651;137;523;330;193
71653;79;907;493;414
71657;131;547;339;208
71661;3;23887;11945;11942
71677;229;313;271;42
71679;3;23893;11948;11945
71681;43;1667;855;812
71683;97;739;418;321
71689;17;4217;2117;2100
71697;3;23899;11951;11948
71701;7;10243;5125;5118
71705;5;14341;7173;7168
71717;29;2473;1251;1222
71723;17;4219;2118;2101
71727;3;23909;11956;11953
71729;7;10247;5127;5120
71731;11;6521;3266;3255
71733;3;23911;11957;11954
71735;5;14347;7176;7171
71737;23;3119;1571;1548
71747;13;5519;2766;2753
71749;157;457;307;150
71751;3;23917;11960;11957
71759;73;983;528;455
71767;43;1669;856;813
71771;7;10253;5130;5123
71773;13;5521;2767;2754
71779;179;401;290;111
71783;23;3121;1572;1549
71787;3;23929;11966;11963
71801;19;3779;1899;1880
71803;59;1217;638;579
71813;7;10259;5133;5126
71819;11;6529;3270;3259
71831;109;659;384;275
71833;29;2477;1253;1224
71845;5;14369;7187;7182
71851;13;5527;2770;2757
71857;181;397;289;108
71869;7;10267;5137;5130
71871;3;23957;11980;11977
71873;41;1753;897;856
71893;17;4229;2123;2106
71897;7;10271;5139;5132
71903;13;5531;2772;2759
71911;7;10273;5140;5133
71913;3;23971;11987;11984
71923;71;1013;542;471
71927;17;4231;2124;2107
71931;3;23977;11990;11987
71935;5;14387;7196;7191
71943;3;23981;11992;11989
71945;5;14389;7197;7192
71957;47;1531;789;742
71959;227;317;272;45
71969;79;911;495;416
71977;167;431;299;132
71979;3;23993;11998;11995
71989;193;373;283;90
72001;89;809;449;360
72003;3;24001;12002;11999
72005;5;14401;7203;7198
72011;107;673;390;283
72017;11;6547;3279;3268
72021;3;24007;12005;12002
72023;7;10289;5148;5141
72035;5;14407;7206;7201
72041;61;1181;621;560
72049;109;661;385;276
72055;5;14411;7208;7203
72057;3;24019;12011;12008
72061;11;6551;3281;3270
72067;19;3793;1906;1887
72069;3;24023;12013;12010
72071;97;743;420;323
72083;11;6553;3282;3271
72087;3;24029;12016;12013
72095;5;14419;7212;7207
72097;17;4241;2129;2112
72107;7;10301;5154;5147
72113;37;1949;993;956
72115;5;14423;7214;7209
72119;41;1759;900;859
72121;7;10303;5155;5148
72129;3;24043;12023;12020
72131;17;4243;2130;2113
72133;53;1361;707;654
72143;19;3797;1908;1889
72147;3;24049;12026;12023
72151;23;3137;1580;1557
72155;5;14431;7218;7213
72157;59;1223;641;582
72179;89;811;450;361
72183;3;24061;12032;12029
72185;5;14437;7221;7216
72187;37;1951;994;957
72191;7;10313;5160;5153
72193;11;6563;3287;3276
72203;103;701;402;299
72209;163;443;303;140
72213;3;24071;12037;12034
72217;257;281;269;12
72231;3;24077;12040;12037
72235;5;14447;7226;7221
72241;13;5557;2785;2772
72245;5;14449;7227;7222
72247;7;10321;5164;5157
72249;3;24083;12043;12040
72257;19;3803;1911;1892
72259;11;6569;3290;3279
72263;127;569;348;221
72273;3;24091;12047;12044
72281;11;6571;3291;3280
72291;3;24097;12050;12047
72299;197;367;282;85
72301;17;4253;2135;2118
72305;5;14461;7233;7228
72309;3;24103;12053;12050
72311;167;433;300;133
72317;7;10331;5169;5162
72319;13;5563;2788;2775
72321;3;24107;12055;12052
72323;31;2333;1182;1151
72327;3;24109;12056;12053
72329;151;479;315;164
72331;7;10333;5170;5163
72339;3;24113;12058;12055
72343;73;991;532;459
72347;11;6577;3294;3283
72349;71;1019;545;474
72359;7;10337;5172;5165
72361;269;269;269;0
72363;3;24121;12062;12059
72377;157;461;309;152
72389;191;379;285;94
72391;11;6581;3296;3285
72395;5;14479;7242;7237
72397;13;5569;2791;2778
72399;3;24133;12068;12065
72401;7;10343;5175;5168
72403;17;4259;2138;2121
72407;61;1187;624;563
72411;3;24137;12070;12067
72419;139;521;330;191
72433;113;641;377;264
72437;17;4261;2139;2122
72439;107;677;392;285
72445;5;14489;7247;7242
72449;13;5573;2793;2780
72451;53;1367;710;657
72453;3;24151;12077;12074
72463;233;311;272;39
72487;173;419;296;123
72491;71;1021;546;475
72499;7;10357;5182;5175
72507;3;24169;12086;12083
72509;31;2339;1185;1154
72511;59;1229;644;585
72515;5;14503;7254;7249
72517;127;571;349;222
72521;47;1543;795;748
72537;3;24179;12091;12088
72543;3;24181;12092;12089
72553;13;5581;2797;2784
72563;149;487;318;169
72571;31;2341;1186;1155
72581;181;401;291;110
72583;7;10369;5188;5181
72587;29;2503;1266;1237
72589;11;6599;3305;3294
72591;3;24197;12100;12097
72593;229;317;273;44
72595;5;14519;7262;7257
72599;19;3821;1920;1901
72601;79;919;499;420
72607;17;4271;2144;2127
72609;3;24203;12103;12100
72619;101;719;410;309
72629;59;1231;645;586
72637;19;3823;1921;1902
72641;17;4273;2145;2128
72659;113;643;378;265
72665;5;14533;7269;7264
72669;3;24223;12113;12110
72677;11;6607;3309;3298
72683;13;5591;2802;2789
72685;5;14537;7271;7266
72687;3;24229;12116;12113
72691;157;463;310;153
72697;139;523;331;192
72715;5;14543;7274;7269
72717;3;24239;12121;12118
72731;257;283;270;13
72737;7;10391;5199;5192
72741;3;24247;12125;12122
72745;5;14549;7277;7272
72749;23;3163;1593;1570
72753;3;24251;12127;12124
72755;5;14551;7278;7273
72757;31;2347;1189;1158
72769;53;1373;713;660
72773;61;1193;627;566
72781;73;997;535;462
72785;5;14557;7281;7276
72791;83;877;480;397
72793;7;10399;5203;5196
72799;43;1693;868;825
72803;47;1549;798;751
72805;5;14561;7283;7278
72809;11;6619;3315;3304
72811;17;4283;2150;2133
72815;5;14563;7284;7279
72827;19;3833;1926;1907
72829;67;1087;577;510
72833;173;421;297;124
72841;23;3167;1595;1572
72843;3;24281;12142;12139
72847;97;751;424;327
72851;263;277;270;7
72857;41;1777;909;868
72881;31;2351;1191;1160
72887;23;3169;1596;1573
72899;269;271;270;1
72913;17;4289;2153;2136
72929;233;313;273;40
72951;3;24317;12160;12157
72955;5;14591;7298;7293
72965;5;14593;7299;7294
72967;131;557;344;213
72971;43;1697;870;827
72983;59;1237;648;589
72987;3;24329;12166;12163
72989;7;10427;5217;5210
72991;47;1553;800;753
73001;37;1973;1005;968
73003;7;10429;5218;5211
73007;11;6637;3324;3313
73011;3;24337;12170;12167
73027;103;709;406;303
73031;7;10433;5220;5213
73033;199;367;283;84
73049;17;4297;2157;2140
73057;43;1699;871;828
73067;31;2357;1194;1163
73069;89;821;455;366
73077;3;24359;12181;12178
73081;107;683;395;288
73093;19;3847;1933;1914
73097;67;1091;579;512
73099;13;5623;2818;2805
73103;41;1783;912;871
73105;5;14621;7313;7308
73109;29;2521;1275;1246
73111;113;647;380;267
73113;3;24371;12187;12184
73119;3;24373;12188;12185
73123;83;881;482;399
73135;5;14627;7316;7311
73137;3;24379;12191;12188
73145;5;14629;7317;7312
73147;193;379;286;93
73153;191;383;287;96
73159;149;491;320;171
73163;23;3181;1602;1579
73165;5;14633;7319;7314
73169;19;3851;1935;1916
73171;7;10453;5230;5223
73173;3;24391;12197;12194
73183;11;6653;3332;3321
73187;163;449;306;143
73193;53;1381;717;664
73195;5;14639;7322;7317
73199;7;10457;5232;5225
73201;71;1031;551;480
73207;19;3853;1936;1917
73211;179;409;294;115
73213;7;10459;5233;5226
73217;211;347;279;68
73221;3;24407;12205;12202
73223;37;1979;1008;971
73231;67;1093;580;513
73239;3;24413;12208;12205
73241;7;10463;5235;5228
73247;89;823;456;367
73249;11;6659;3335;3324
73257;3;24419;12211;12208
73261;61;1201;631;570
73263;3;24421;12212;12209
73265;5;14653;7329;7324
73267;41;1787;914;873
73271;11;6661;3336;3325
73273;47;1559;803;756
73279;127;577;352;225
73285;5;14657;7331;7326
73289;83;883;483;400
73301;23;3187;1605;1582
73307;13;5639;2826;2813
73313;167;439;303;136
73317;3;24439;12221;12218
73319;157;467;312;155
73329;3;24443;12223;12220
73333;13;5641;2827;2814
73339;7;10477;5242;5235
73343;71;1033;552;481
73345;5;14669;7337;7332
73349;41;1789;915;874
73357;109;673;391;282
73373;239;307;273;34
73391;79;929;504;425
73393;23;3191;1607;1584
73397;19;3863;1941;1922
73399;29;2531;1280;1251
73403;11;6673;3342;3331
73407;3;24469;12236;12233
73409;7;10487;5247;5240
73411;13;5647;2830;2817
73415;5;14683;7344;7339
73419;3;24473;12238;12235
73427;101;727;414;313
73429;97;757;427;330
73441;271;271;271;0
73443;3;24481;12242;12239
73463;13;5651;2832;2819
73469;11;6679;3345;3334
73481;197;373;285;88
73487;43;1709;876;833
73489;13;5653;2833;2820
73493;7;10499;5253;5246
73495;5;14699;7352;7347
73497;3;24499;12251;12248
73499;67;1097;582;515
73501;31;2371;1201;1170
73507;7;10501;5254;5247
73519;37;1987;1012;975
73527;3;24509;12256;12253
73537;151;487;319;168
73541;13;5657;2835;2822
73543;251;293;272;21
73551;3;24517;12260;12257
73559;17;4327;2172;2155
73565;5;14713;7359;7354
73567;13;5659;2836;2823
73579;11;6689;3350;3339
73581;3;24527;12265;12262
73585;5;14717;7361;7356
73591;7;10513;5260;5253
73599;3;24533;12268;12265
73601;11;6691;3351;3340
73603;89;827;458;369
73615;5;14723;7364;7359
73621;83;887;485;402
73631;29;2539;1284;1255
73639;211;349;280;69
73641;3;24547;12275;12272
73649;47;1567;807;760
73653;3;24551;12277;12274
73655;5;14731;7368;7363
73657;73;1009;541;468
73663;19;3877;1948;1929
73669;23;3203;1613;1590
73685;5;14737;7371;7366
73687;31;2377;1204;1173
73691;59;1249;654;595
73697;13;5669;2841;2828
73703;7;10529;5268;5261
73705;5;14741;7373;7368
73711;11;6701;3356;3345
73713;3;24571;12287;12284
73717;7;10531;5269;5262
73729;17;4337;2177;2160
73733;11;6703;3357;3346
73735;5;14747;7376;7371
73739;19;3881;1950;1931
73741;37;1993;1015;978
73747;29;2543;1286;1257
73753;131;563;347;216
73763;17;4339;2178;2161
73765;5;14753;7379;7374
73769;71;1039;555;484
73779;3;24593;12298;12295
73781;89;829;459;370
73789;113;653;383;270
73793;109;677;393;284
73795;5;14759;7382;7377
73799;11;6709;3360;3349
73807;23;3209;1616;1593
73811;31;2381;1206;1175
73813;223;331;277;54
73817;97;761;429;332
73833;3;24611;12307;12304
73835;5;14767;7386;7381
73837;47;1571;809;762
73841;41;1801;921;880
73855;5;14771;7388;7383
73861;233;317;275;42
73869;3;24623;12313;12310
73873;31;2383;1207;1176
73879;13;5683;2848;2835
73889;37;1997;1017;980
73891;19;3889;1954;1935
73893;3;24631;12317;12314
73895;5;14779;7392;7387
73901;67;1103;585;518
73903;263;281;272;9
73909;11;6719;3365;3354
73913;7;10559;5283;5276
73915;5;14783;7394;7389
73919;193;383;288;95
73921;29;2549;1289;1260
73933;17;4349;2183;2166
73937;107;691;399;292
73949;73;1013;543;470
73957;13;5689;2851;2838
73963;37;1999;1018;981
73969;7;10567;5287;5280
73977;3;24659;12331;12328
73979;29;2551;1290;1261
73981;167;443;305;138
73985;5;14797;7401;7396
73987;241;307;274;33
73991;23;3217;1620;1597
73993;61;1213;637;576
74003;43;1721;882;839
74009;13;5693;2853;2840
74013;3;24671;12337;12334
74023;79;937;508;429
74029;181;409;295;114
74031;3;24677;12340;12337
74033;101;733;417;316
74049;3;24683;12343;12340
74057;103;719;411;308
74059;31;2389;1210;1179
74063;11;6733;3372;3361
74065;5;14813;7409;7404
74069;17;4357;2187;2170
74073;3;24691;12347;12344
74083;23;3221;1622;1599
74089;43;1723;883;840
74091;3;24697;12350;12347
74105;5;14821;7413;7408
74107;11;6737;3374;3363
74111;37;2003;1020;983
74113;13;5701;2857;2844
74117;137;541;339;202
74123;7;10589;5298;5291
74127;3;24709;12356;12353
74135;5;14827;7416;7411
74141;151;491;321;170
74147;53;1399;726;673
74153;29;2557;1293;1264
74155;5;14831;7418;7413
74171;17;4363;2190;2173
74179;7;10597;5302;5295
74183;31;2393;1212;1181
74199;3;24733;12368;12365
74207;7;10601;5304;5297
74213;47;1579;813;766
74215;5;14843;7424;7419
74227;199;373;286;87
74233;19;3907;1963;1944
74237;61;1217;639;578
74243;13;5711;2862;2849
74247;3;24749;12376;12373
74249;7;10607;5307;5300
74251;41;1811;926;885
74255;5;14851;7428;7423
74267;23;3229;1626;1603
74281;59;1259;659;600
74289;3;24763;12383;12380
74291;7;10613;5310;5303
74299;191;389;290;99
74301;3;24767;12385;12382
74303;67;1109;588;521
74309;19;3911;1965;1946
74321;13;5717;2865;2852
74329;239;311;275;36
74335;5;14867;7436;7431
74339;79;941;510;431
74341;17;4373;2195;2178
74343;3;24781;12392;12389
74345;5;14869;7437;7432
74351;149;499;324;175
74369;31;2399;1215;1184
74371;11;6761;3386;3375
74379;3;24793;12398;12395
74387;73;1019;546;473
74389;7;10627;5317;5310
74393;11;6763;3387;3376
74395;5;14879;7442;7437
74397;3;24799;12401;12398
74401;47;1583;815;768
74407;37;2011;1024;987
74417;7;10631;5319;5312
74423;19;3917;1968;1949
74427;3;24809;12406;12403
74429;263;283;273;10
74435;5;14887;7446;7441
74447;109;683;396;287
74455;5;14891;7448;7443
74461;19;3919;1969;1950
74463;3;24821;12412;12409
74467;113;659;386;273
74473;7;10639;5323;5316
74479;71;1049;560;489
74483;211;353;282;71
74485;5;14897;7451;7446
74491;163;457;310;147
74513;269;277;273;4
74519;43;1733;888;845
74523;3;24841;12422;12419
74533;73;1021;547;474
74537;19;3923;1971;1952
74539;131;569;350;219
74541;3;24847;12425;12422
74549;127;587;357;230
74553;3;24851;12427;12424
74557;7;10651;5329;5322
74563;173;431;302;129
74569;11;6779;3395;3384
74577;3;24859;12431;12428
74581;13;5737;2875;2862
74591;11;6781;3396;3385
74593;97;769;433;336
74599;7;10657;5332;5325
74603;61;1223;642;581
74615;5;14923;7464;7459
74621;71;1051;561;490
74629;37;2017;1027;990
74631;3;24877;12440;12437
74633;13;5741;2877;2864
74639;101;739;420;319
74641;7;10663;5335;5328
74645;5;14929;7467;7462
74647;17;4391;2204;2187
74651;19;3929;1974;1955
74659;13;5743;2878;2865
74663;197;379;288;91
74667;3;24889;12446;12443
74669;7;10667;5337;5330
74671;89;839;464;375
74677;53;1409;731;678
74689;19;3931;1975;1956
74693;113;661;387;274
74695;5;14939;7472;7467
74701;11;6791;3401;3390
74721;3;24907;12455;12452
74723;11;6793;3402;3391
74735;5;14947;7476;7471
74737;13;5749;2881;2868
74741;31;2411;1221;1190
74743;41;1823;932;891
74749;17;4397;2207;2190
74751;3;24917;12460;12457
74755;5;14951;7478;7473
74757;3;24919;12461;12458
74769;3;24923;12463;12460
74773;23;3251;1637;1614
74785;5;14957;7481;7476
74791;29;2579;1304;1275
74801;131;571;351;220
74807;239;313;276;37
74809;7;10687;5347;5340
74813;79;947;513;434
74819;23;3253;1638;1615
74829;3;24943;12473;12470
74833;11;6803;3407;3396
74837;7;10691;5349;5342
74839;67;1117;592;525
74845;5;14969;7487;7482
74859;3;24953;12478;12475
74863;43;1741;892;849
74881;103;727;415;312
74901;3;24967;12485;12482
74909;173;433;303;130
74911;23;3257;1640;1617
74913;3;24971;12487;12484
74915;5;14983;7494;7489
74917;19;3943;1981;1962
74927;31;2417;1224;1193
74931;3;24977;12490;12487
74937;3;24979;12491;12488
74939;137;547;342;205
74947;149;503;326;177
74951;241;311;276;35
74953;17;4409;2213;2196
74957;23;3259;1641;1618
74963;7;10709;5358;5351
74967;3;24989;12496;12493
74969;61;1229;645;584
74977;7;10711;5359;5352
74981;97;773;435;338
74983;167;449;308;141
74993;19;3947;1983;1964
74999;37;2027;1032;995
75001;179;419;299;120
75007;107;701;404;297
75039;3;25013;12508;12505
75043;101;743;422;321
75053;11;6823;3417;3406
75059;47;1597;822;775
75061;7;10723;5365;5358
75065;5;15013;7509;7504
75067;271;277;274;3
75071;41;1831;936;895
75073;37;2029;1033;996
75077;193;389;291;98
75085;5;15017;7511;7506
75091;61;1231;646;585
75093;3;25031;12517;12514
75097;11;6827;3419;3408
75099;3;25033;12518;12515
75103;7;10729;5368;5361
75111;3;25037;12520;12517
75113;31;2423;1227;1196
75119;11;6829;3420;3409
75121;43;1747;895;852
75127;13;5779;2896;2883
75131;7;10733;5370;5363
75137;227;331;279;52
75139;29;2591;1310;1281
75143;163;461;312;149
75151;223;337;280;57
75155;5;15031;7518;7513
75157;17;4421;2219;2202
75163;11;6833;3422;3411
75171;3;25057;12530;12527
75173;7;10739;5373;5366
75179;13;5783;2898;2885
75191;17;4423;2220;2203
75197;29;2593;1311;1282
75199;139;541;340;201
75203;157;479;318;161
75219;3;25073;12538;12535
75233;23;3271;1647;1624
75241;67;1123;595;528
75247;47;1601;824;777
75251;11;6841;3426;3415
75261;3;25087;12545;12542
75263;73;1031;552;479
75265;5;15053;7529;7524
75271;7;10753;5380;5373
75281;83;907;495;412
75283;13;5791;2902;2889
75287;79;953;516;437
75291;3;25097;12550;12547
75301;257;293;275;18
75305;5;15061;7533;7528
75311;127;593;360;233
75319;109;691;400;291
75331;71;1061;566;495
75333;3;25111;12557;12554
75343;59;1277;668;609
75349;151;499;325;174
75351;3;25117;12560;12557
75359;179;421;300;121
75363;3;25121;12562;12559
75365;5;15073;7539;7534
75373;19;3967;1993;1974
75379;43;1753;898;855
75381;3;25127;12565;12562
75385;5;15077;7541;7536
75397;7;10771;5389;5382
75409;73;1033;553;480
75413;13;5801;2907;2894
75415;5;15083;7544;7539
75419;53;1423;738;685
75421;199;379;289;90
75427;11;6857;3434;3423
75433;241;313;277;36
75441;3;25147;12575;12572
75443;37;2039;1038;1001
75451;197;383;290;93
75455;5;15091;7548;7543
75457;61;1237;649;588
75459;3;25153;12578;12575
75461;59;1279;669;610
75467;7;10781;5394;5387
75469;163;463;313;150
75473;71;1063;567;496
75489;3;25163;12583;12580
75491;13;5807;2910;2897
75493;11;6863;3437;3426
75497;17;4441;2229;2212
75499;103;733;418;315
75505;5;15101;7553;7548
75507;3;25169;12586;12583
75513;3;25171;12587;12584
75523;7;10789;5398;5391
75529;47;1607;827;780
75535;5;15107;7556;7551
75547;31;2437;1234;1203
75549;3;25183;12593;12590
75559;11;6869;3440;3429
75567;3;25189;12596;12593
75569;13;5813;2913;2900
75581;11;6871;3441;3430
75587;131;577;354;223
75589;269;281;275;6
75593;7;10799;5403;5396
75599;17;4447;2232;2215
75605;5;15121;7563;7558
75613;83;911;497;414
75623;47;1609;828;781
75631;53;1427;740;687
75637;43;1759;901;858
75643;67;1129;598;531
75655;5;15131;7568;7563
75657;3;25219;12611;12608
75661;29;2609;1319;1290
75667;17;4451;2234;2217
75671;31;2441;1236;1205
75673;13;5821;2917;2904
75685;5;15137;7571;7566
75687;3;25229;12616;12613
75695;5;15139;7572;7567
75697;59;1283;671;612
75711;3;25237;12620;12617
75713;11;6883;3447;3436
75727;41;1847;944;903
75729;3;25243;12623;12620
75737;53;1429;741;688
75741;3;25247;12625;12622
75745;5;15149;7577;7572
75749;211;359;285;74
75751;13;5827;2920;2907
75759;3;25253;12628;12625
75763;239;317;278;39
75769;17;4457;2237;2220
75783;3;25261;12632;12629
75791;19;3989;2004;1985
75799;229;331;280;51
75805;5;15161;7583;7578
75811;47;1613;830;783
75817;7;10831;5419;5412
75827;191;397;294;103
75839;181;419;300;119
75841;149;509;329;180
75847;73;1039;556;483
75851;101;751;426;325
75857;31;2447;1239;1208
75859;7;10837;5422;5415
75863;107;709;408;301
75865;5;15173;7589;7584
75871;17;4463;2240;2223
75877;23;3299;1661;1638
75889;11;6899;3455;3444
75893;29;2617;1323;1294
75899;71;1069;570;499
75903;3;25301;12652;12649
75907;13;5839;2926;2913
75909;3;25303;12653;12650
75917;89;853;471;382
75921;3;25307;12655;12652
75923;23;3301;1662;1639
75927;3;25309;12656;12653
75929;7;10847;5427;5420
75935;5;15187;7596;7591
75947;173;439;306;133
75949;53;1433;743;690
75953;151;503;327;176
75959;13;5843;2928;2915
75961;37;2053;1045;1008
75963;3;25321;12662;12659
75965;5;15193;7599;7594
75971;7;10853;5430;5423
75977;11;6907;3459;3448
75995;5;15199;7602;7597
76009;29;2621;1325;1296
76013;7;10859;5433;5426
76017;3;25339;12671;12668
76019;19;4001;2010;1991
76021;11;6911;3461;3450
76027;7;10861;5434;5427
76029;3;25343;12673;12670
76033;139;547;343;204
76037;13;5849;2931;2918
76047;3;25349;12676;12673
76049;113;673;393;280
76051;59;1289;674;615
76057;19;4003;2011;1992
76061;23;3307;1665;1642
76063;13;5851;2932;2919
76069;7;10867;5437;5430
76071;3;25357;12680;12677
76073;127;599;363;236
76085;5;15217;7611;7606
76087;11;6917;3464;3453
76093;47;1619;833;786
76101;3;25367;12685;12682
76117;103;739;421;318
76119;3;25373;12688;12685
76121;163;467;315;152
76127;269;283;276;7
76133;19;4007;2013;1994
76135;5;15227;7616;7611
76141;13;5857;2935;2922
76151;271;281;276;5
76165;5;15233;7619;7614
76169;59;1291;675;616
76173;3;25391;12697;12694
76177;17;4481;2249;2232
76181;7;10883;5445;5438
76187;47;1621;834;787
76189;61;1249;655;594
76193;13;5861;2937;2924
76199;23;3313;1668;1645
76201;181;421;301;120
76205;5;15241;7623;7618
76211;17;4483;2250;2233
76217;199;383;291;92
76223;7;10889;5448;5441
76227;3;25409;12706;12703
76229;31;2459;1245;1214
76233;3;25411;12707;12704
76237;7;10891;5449;5442
76247;19;4013;2016;1997
76267;53;1439;746;693
76269;3;25423;12713;12710
76271;13;5867;2940;2927
76273;89;857;473;384
76277;83;919;501;418
76295;5;15259;7632;7627
76297;13;5869;2941;2928
76301;41;1861;951;910
76309;137;557;347;210
76315;5;15263;7634;7629
76317;3;25439;12721;12718
76319;167;457;312;145
76321;7;10903;5455;5448
76327;127;601;364;237
76331;37;2063;1050;1013
76337;23;3319;1671;1648
76339;97;787;442;345
76341;3;25447;12725;12722
76345;5;15269;7637;7632
76355;5;15271;7638;7633
76357;29;2633;1331;1302
76359;3;25453;12728;12725
76361;19;4019;2019;2000
76363;7;10909;5458;5451
76371;3;25457;12730;12727
76381;17;4493;2255;2238
76385;5;15277;7641;7636
76389;3;25463;12733;12730
76393;79;967;523;444
76397;241;317;279;38
76399;19;4021;2020;2001
76407;3;25469;12736;12733
76409;109;701;405;296
76411;43;1777;910;867
76413;3;25471;12737;12734
76417;11;6947;3479;3468
76427;13;5879;2946;2933
76429;23;3323;1673;1650
76435;5;15287;7646;7641
76439;11;6949;3480;3469
76445;5;15289;7647;7642
76451;89;859;474;385
76453;13;5881;2947;2934
76457;101;757;429;328
76459;157;487;322;165
76469;47;1627;837;790
76477;31;2467;1249;1218
76495;5;15299;7652;7647
76499;227;337;282;55
76501;113;677;395;282
76513;19;4027;2023;2004
76523;59;1297;678;619
76529;103;743;423;320
76535;5;15307;7656;7651
76547;41;1867;954;913
76549;11;6959;3485;3474
76553;37;2069;1053;1016
76559;7;10937;5472;5465
76565;5;15313;7659;7654
76567;23;3329;1676;1653
76569;3;25523;12763;12760
76571;11;6961;3486;3475
76573;7;10939;5473;5466
76577;73;1049;561;488
76591;191;401;296;105
76595;5;15319;7662;7657
76611;3;25537;12770;12767
76613;23;3331;1677;1654
76619;17;4507;2262;2245
76621;193;397;295;102
76623;3;25541;12772;12769
76633;197;389;293;96
76637;11;6967;3489;3478
76639;173;443;308;135
76643;7;10949;5478;5471
76645;5;15329;7667;7662
76655;5;15331;7668;7663
76661;13;5897;2955;2942
76663;31;2473;1252;1221
76669;43;1783;913;870
76681;11;6971;3491;3480
76683;3;25561;12782;12779
76691;53;1447;750;697
76693;271;283;277;6
76699;7;10957;5482;5475
76709;79;971;525;446
76711;41;1871;956;915
76721;17;4513;2265;2248
76723;73;1051;562;489
76729;277;277;277;0
76731;3;25577;12790;12787
76737;3;25579;12791;12788
76739;13;5903;2958;2945
76745;5;15349;7677;7672
76747;11;6977;3494;3483
76749;3;25583;12793;12790
76759;59;1301;680;621
76763;29;2647;1338;1309
76767;3;25589;12796;12793
76787;31;2477;1254;1223
76789;17;4517;2267;2250
76793;41;1873;957;916
76795;5;15359;7682;7677
76799;61;1259;660;599
76803;3;25601;12802;12799
76805;5;15361;7683;7678
76807;89;863;476;387
76809;3;25603;12803;12800
76811;7;10973;5490;5483
76813;11;6983;3497;3486
76823;17;4519;2268;2251
76827;3;25609;12806;12803
76841;43;1787;915;872
76853;7;10979;5493;5486
76859;151;509;330;179
76861;101;761;431;330
76863;3;25621;12812;12809
76865;5;15373;7689;7684
76877;59;1303;681;622
76885;5;15377;7691;7686
76889;23;3343;1683;1660
76891;17;4523;2270;2253
76897;131;587;359;228
76899;3;25633;12818;12815
76901;11;6991;3501;3490
76903;53;1451;752;699
76909;7;10987;5497;5490
76915;5;15383;7694;7689
76917;3;25639;12821;12818
76927;43;1789;916;873
76929;3;25643;12823;12820
76931;19;4049;2034;2015
76933;107;719;413;306
76939;47;1637;842;795
76951;7;10993;5500;5493
76955;5;15391;7698;7693
76957;41;1877;959;918
76967;11;6997;3504;3493
76969;19;4051;2035;2016
76971;3;25657;12830;12827
76981;23;3347;1685;1662
76987;167;461;314;147
76997;37;2081;1059;1022
76999;13;5923;2968;2955
77001;3;25667;12835;12832
77005;5;15401;7703;7698
77009;53;1453;753;700
77011;11;7001;3506;3495
77019;3;25673;12838;12835
77021;7;11003;5505;5498
77037;3;25679;12841;12838
77039;41;1879;960;919
77051;13;5927;2970;2957
77053;29;2657;1343;1314
77057;251;307;279;28
77059;263;293;278;15
77065;5;15413;7709;7704
77071;37;2083;1060;1023
77079;3;25693;12848;12845
77083;19;4057;2038;2019
77087;157;491;324;167
77089;127;607;367;240
77107;83;929;506;423
77109;3;25703;12853;12850
77111;29;2659;1344;1315
77113;59;1307;683;624
77117;67;1151;609;542
77123;233;331;282;49
77131;137;563;350;213
77135;5;15427;7716;7711
77143;11;7013;3512;3501
77149;179;431;305;126
77151;3;25717;12860;12857
77173;229;337;283;54
77177;71;1087;579;508
77179;113;683;398;285
77183;79;977;528;449
77189;7;11027;5517;5510
77195;5;15439;7722;7717
77199;3;25733;12868;12865
77207;13;5939;2976;2963
77209;11;7019;3515;3504
77215;5;15443;7724;7719
77219;37;2087;1062;1025
77223;3;25741;12872;12869
77227;29;2663;1346;1317
77241;3;25747;12875;12872
77251;67;1153;610;543
77255;5;15451;7728;7723
77257;23;3359;1691;1668
77277;3;25759;12881;12878
77281;109;709;409;300
77289;3;25763;12883;12880
77293;37;2089;1063;1026
77297;11;7027;3519;3508
77299;17;4547;2282;2265
77303;23;3361;1692;1669
77305;5;15461;7733;7728
77309;97;797;447;350
77313;3;25771;12887;12884
77321;167;463;315;148
77327;53;1459;756;703
77329;7;11047;5527;5520
77333;17;4549;2283;2266
77335;5;15467;7736;7731
77353;103;751;427;324
77365;5;15473;7739;7734
77379;3;25793;12898;12895
77381;223;347;285;62
77387;19;4073;2046;2027
77389;13;5953;2983;2970
77393;193;401;297;104
77397;3;25799;12901;12898
77399;7;11057;5532;5525
77403;3;25801;12902;12899
77411;199;389;294;95
77413;7;11059;5533;5526
77423;139;557;348;209
77429;11;7039;3525;3514
77437;211;367;289;78
77443;43;1801;922;879
77449;41;1889;965;924
77453;73;1061;567;494
77457;3;25819;12911;12908
77459;29;2671;1350;1321
77461;71;1091;581;510
77465;5;15493;7749;7744
77473;11;7043;3527;3516
77483;7;11069;5538;5531
77485;5;15497;7751;7746
77497;7;11071;5539;5532
77501;19;4079;2049;2030
77507;179;433;306;127
77523;3;25841;12922;12919
77533;23;3371;1697;1674
77537;17;4561;2289;2272
77541;3;25847;12925;12922
77547;3;25849;12926;12923
77555;5;15511;7758;7753
77579;23;3373;1698;1675
77581;7;11083;5545;5538
77593;31;2503;1267;1236
77599;73;1063;568;495
77601;3;25867;12935;12932
77603;71;1093;582;511
77609;7;11087;5547;5540
77619;3;25873;12938;12935
77627;11;7057;3534;3523
77629;149;521;335;186
77633;29;2677;1353;1324
77635;5;15527;7766;7761
77639;17;4567;2292;2275
77651;7;11093;5550;5543
77657;79;983;531;452
77663;37;2099;1068;1031
77667;3;25889;12946;12943
77669;101;769;435;334
77677;173;449;311;138
77683;131;593;362;231
77705;5;15541;7773;7768
77709;3;25903;12953;12950
77729;19;4091;2055;2036
77739;3;25913;12958;12955
77753;13;5981;2997;2984
77755;5;15551;7778;7773
77757;3;25919;12961;12958
77759;11;7069;3540;3529
77767;19;4093;2056;2037
77771;83;937;510;427
77789;107;727;417;310
77791;7;11113;5560;5553
77793;3;25931;12967;12964
77795;5;15559;7782;7777
77799;3;25933;12968;12965
77807;29;2683;1356;1327
77817;3;25939;12971;12968
77819;7;11117;5562;5555
77821;59;1319;689;630
77827;223;349;286;63
77829;3;25943;12973;12970
77831;13;5987;3000;2987
77833;7;11119;5563;5556
77837;277;281;279;2
77845;5;15569;7787;7782
77851;127;613;370;243
77853;3;25951;12977;12974
77869;11;7079;3545;3534
77873;43;1811;927;884
77879;47;1657;852;805
77881;19;4099;2059;2040
77887;71;1097;584;513
77897;61;1277;669;608
77905;5;15581;7793;7788
77907;3;25969;12986;12983
77911;17;4583;2300;2283
77915;5;15583;7794;7789
77917;7;11131;5569;5562
77921;67;1163;615;548
77923;29;2687;1358;1329
77927;149;523;336;187
77939;59;1321;690;631
77941;41;1901;971;930
77943;3;25981;12992;12989
77947;23;3389;1706;1683
77953;137;569;353;216
77963;53;1471;762;709
77971;103;757;430;327
77981;29;2689;1359;1330
77989;167;467;317;150
77991;3;25997;13000;12997
77993;23;3391;1707;1684
77997;3;25999;13001;12998
78005;5;15601;7803;7798
78009;3;26003;13003;13000
78011;181;431;306;125
78019;61;1279;670;609
78035;5;15607;7806;7801
78037;73;1069;571;498
78043;7;11149;5578;5571
78047;17;4591;2304;2287
78051;3;26017;13010;13007
78053;89;877;483;394
78061;251;311;281;30
78063;3;26021;13012;13009
78073;101;773;437;336
78077;163;479;321;158
78083;113;691;402;289
78087;3;26029;13016;13013
78091;13;6007;3010;2997
78095;5;15619;7812;7807
78097;29;2693;1361;1332
78103;83;941;512;429
78107;37;2111;1074;1037
78109;19;4111;2065;2046
78113;7;11159;5583;5576
78119;191;409;300;109
78123;3;26041;13022;13019
78127;7;11161;5584;5577
78133;11;7103;3557;3546
78143;13;6011;3012;2999
78145;5;15629;7817;7812
78149;17;4597;2307;2290
78151;31;2521;1276;1245
78159;3;26053;13028;13025
78161;47;1663;855;808
78181;37;2113;1075;1038
78187;41;1907;974;933
78197;7;11171;5589;5582
78199;11;7109;3560;3549
78205;5;15641;7823;7818
78209;197;397;297;100
78211;7;11173;5590;5583
78215;5;15643;7824;7819
78227;137;571;354;217
78235;5;15647;7826;7821
78239;7;11177;5592;5585
78245;5;15649;7827;7822
78249;3;26083;13043;13040
78251;17;4603;2310;2293
78257;139;563;351;212
78263;61;1283;672;611
78271;29;2699;1364;1335
78289;79;991;535;456
78293;59;1327;693;634
78297;3;26099;13051;13048
78305;5;15661;7833;7828
78313;71;1103;587;516
78321;3;26107;13055;13052
78331;11;7121;3566;3555
78333;3;26111;13057;13054
78335;5;15667;7836;7831
78339;3;26113;13058;13055
78343;157;499;328;171
78349;47;1667;857;810
78355;5;15671;7838;7833
78357;3;26119;13061;13058
78359;127;617;372;245
78361;23;3407;1715;1692
78371;109;719;414;305
78373;181;433;307;126
78377;13;6029;3021;3008
78379;7;11197;5602;5595
78383;103;761;432;329
78389;43;1823;933;890
78391;277;283;280;3
78395;5;15679;7842;7837
78397;11;7127;3569;3558
78409;89;881;485;396
78413;19;4127;2073;2054
78415;5;15683;7844;7839
78419;11;7129;3570;3559
78423;3;26141;13072;13069
78431;107;733;420;313
78433;41;1913;977;936
78443;47;1669;858;811
78451;19;4129;2074;2055
78457;67;1171;619;552
78459;3;26153;13078;13075
78461;31;2531;1281;1250
78469;131;599;365;234
78473;97;809;453;356
78481;13;6037;3025;3012
78483;3;26161;13082;13079
78491;7;11213;5610;5603
78493;53;1481;767;714
78499;23;3413;1718;1695
78503;29;2707;1368;1339
78513;3;26171;13087;13084
78521;233;337;285;52
78527;19;4133;2076;2057
78531;3;26177;13090;13087
78549;3;26183;13093;13090
78557;17;4621;2319;2302
78559;13;6043;3028;3015
78563;251;313;282;31
78567;3;26189;13096;13093
78581;179;439;309;130
78587;89;883;486;397
78599;53;1483;768;715
78601;83;947;515;432
78609;3;26203;13103;13100
78611;13;6047;3030;3017
78613;127;619;373;246
78619;29;2711;1370;1341
78627;3;26209;13106;13103
78629;61;1289;675;614
78635;5;15727;7866;7861
78641;19;4139;2079;2060
78655;5;15731;7868;7863
78661;11;7151;3581;3570
78665;5;15733;7869;7864
78667;97;811;454;357
78671;151;521;336;185
78673;7;11239;5623;5616
78677;29;2713;1371;1342
78681;3;26227;13115;13112
78685;5;15737;7871;7866
78689;13;6053;3033;3020
78695;5;15739;7872;7867
78701;7;11243;5625;5618
78703;211;373;292;81
78709;31;2539;1285;1254
78711;3;26237;13120;13117
78719;223;353;288;65
78731;131;601;366;235
78733;43;1831;937;894
78739;71;1109;590;519
78745;5;15749;7877;7872
78747;3;26249;13126;13123
78749;11;7159;3585;3574
78751;61;1291;676;615
78753;3;26251;13127;13124
78757;7;11251;5629;5622
78763;79;997;538;459
78769;227;347;287;60
78773;37;2129;1083;1046
78783;3;26261;13132;13129
78789;3;26263;13133;13130
78799;7;11257;5632;5625
78801;3;26267;13135;13132
78805;5;15761;7883;7878
78811;53;1487;770;717
78817;269;293;281;12
78827;7;11261;5634;5627
78829;17;4637;2327;2310
78833;31;2543;1287;1256
78835;5;15767;7886;7881
78847;37;2131;1084;1047
78851;29;2719;1374;1345
78863;17;4639;2328;2311
78865;5;15773;7889;7884
78871;13;6067;3040;3027
78879;3;26293;13148;13145
78891;3;26297;13150;13147
78899;257;307;282;25
78907;19;4153;2086;2067
78911;7;11273;5640;5633
78917;53;1489;771;718
78927;3;26309;13156;13153
78931;17;4643;2330;2313
78935;5;15787;7896;7891
78937;193;409;301;108
78943;89;887;488;399
78947;11;7177;3594;3583
78949;13;6073;3043;3030
78951;3;26317;13160;13157
78953;7;11279;5643;5636
78955;5;15791;7898;7893
78959;23;3433;1728;1705
78961;281;281;281;0
78963;3;26321;13162;13159
78971;157;503;330;173
78973;151;523;337;186
78983;19;4157;2088;2069
78985;5;15797;7901;7896
78997;197;401;299;102
79003;199;397;298;99
79009;7;11287;5647;5640
79015;5;15803;7904;7899
79017;3;26339;13171;13168
79019;31;2549;1290;1259
79021;19;4159;2089;2070
79027;13;6079;3046;3033
79033;17;4649;2333;2316
79041;3;26347;13175;13172
79045;5;15809;7907;7902
79049;137;577;357;220
79057;11;7187;3599;3588
79061;173;457;315;142
79067;17;4651;2334;2317
79069;37;2137;1087;1050
79071;3;26357;13180;13177
79073;107;739;423;316
79081;31;2551;1291;1260
79085;5;15817;7911;7906
79091;139;569;354;215
79093;7;11299;5653;5646
79099;83;953;518;435
79109;239;331;285;46
79113;3;26371;13187;13184
79115;5;15823;7914;7909
79117;61;1297;679;618
79123;11;7193;3602;3591
79127;67;1181;624;557
79129;53;1493;773;720
79141;29;2729;1379;1350
79157;13;6089;3051;3038
79161;3;26387;13195;13192
79169;17;4657;2337;2320
79171;41;1931;986;945
79177;7;11311;5659;5652
79179;3;26393;13198;13195
79183;13;6091;3052;3039
79197;3;26399;13201;13198
79199;29;2731;1380;1351
79207;103;769;436;333
79213;113;701;407;294
79217;37;2141;1089;1052
79219;7;11317;5662;5655
79221;3;26407;13205;13202
79223;227;349;288;61
79243;109;727;418;309
79247;7;11321;5664;5657
79251;3;26417;13210;13207
79253;41;1933;987;946
79267;31;2557;1294;1263
79269;3;26423;13213;13210
79271;17;4663;2340;2323
79277;11;7207;3609;3598
79291;37;2143;1090;1053
79293;3;26431;13217;13214
79295;5;15859;7932;7927
79297;179;443;311;132
79303;7;11329;5668;5661
79307;71;1117;594;523
79311;3;26437;13220;13217
79313;13;6101;3057;3044
79321;11;7211;3611;3600
79327;23;3449;1736;1713
79343;11;7213;3612;3601
79347;3;26449;13226;13223
79351;73;1087;580;507
79361;61;1301;681;620
79363;19;4177;2098;2079
79369;139;571;355;216
79377;3;26459;13231;13228
79381;163;487;325;162
79385;5;15877;7941;7936
79403;271;293;282;11
79405;5;15881;7943;7938
79409;11;7219;3615;3604
79421;43;1847;945;902
79435;5;15887;7946;7941
79437;3;26479;13241;13238
79441;17;4673;2345;2328
79445;5;15889;7947;7942
79447;53;1499;776;723
79457;7;11351;5679;5672
79459;181;439;310;129
79463;229;347;288;59
79467;3;26489;13246;13243
79469;13;6113;3063;3050
79471;7;11353;5680;5673
79483;61;1303;682;621
79487;101;787;444;343
79489;29;2741;1385;1356
79491;3;26497;13250;13247
79501;107;743;425;318
79503;3;26501;13252;13249
79505;5;15901;7953;7948
79511;23;3457;1740;1717
79517;131;607;369;238
79519;11;7229;3620;3609
79523;281;283;282;1
79529;67;1187;627;560
79535;5;15907;7956;7951
79539;3;26513;13258;13255
79543;17;4679;2348;2331
79565;5;15913;7959;7954
79567;251;317;284;33
79571;47;1693;870;823
79573;13;6121;3067;3054
79583;7;11369;5688;5681
79595;5;15919;7962;7957
79603;23;3461;1742;1719
79607;11;7237;3624;3613
79615;5;15923;7964;7959
79617;3;26539;13271;13268
79619;103;773;438;335
79637;97;821;459;362
79643;73;1091;582;509
79649;23;3463;1743;1720
79661;37;2153;1095;1058
79671;3;26557;13280;13277
79673;11;7243;3627;3616
79681;7;11383;5695;5688
79683;3;26561;13282;13279
79685;5;15937;7971;7966
79703;13;6131;3072;3059
79711;79;1009;544;465
79717;11;7247;3629;3618
79719;3;26573;13288;13285
79721;29;2749;1389;1360
79727;61;1307;684;623
79729;13;6133;3073;3060
79733;71;1123;597;526
79741;23;3467;1745;1722
79747;17;4691;2354;2337
79751;7;11393;5700;5693
79753;173;461;317;144
79759;47;1697;872;825
79771;241;331;286;45
79773;3;26591;13297;13294
79783;11;7253;3632;3621
79787;23;3469;1746;1723
79789;73;1093;583;510
79791;3;26597;13300;13297
79793;7;11399;5703;5696
79795;5;15959;7982;7977
79799;199;401;300;101
79819;19;4201;2110;2091
79831;97;823;460;363
79837;29;2753;1391;1362
79853;47;1699;873;826
79855;5;15971;7988;7983
79859;13;6143;3078;3065
79865;5;15973;7989;7984
79877;7;11411;5709;5702
79881;3;26627;13315;13312
79897;109;733;421;312
79899;3;26633;13318;13315
79909;41;1949;995;954
79913;157;509;333;176
79921;229;349;289;60
79923;3;26641;13322;13319
79927;257;311;284;27
79931;67;1193;630;563
79941;3;26647;13325;13322
79949;31;2579;1305;1274
79951;17;4703;2360;2343
79955;5;15991;7998;7993
79957;37;2161;1099;1062
79961;7;11423;5715;5708
79963;13;6151;3082;3069
79969;211;379;295;84
79991;41;1951;996;955
79993;167;479;323;156
80005;5;16001;8003;7998
80007;3;26669;13336;13333
80009;19;4211;2115;2096
80023;43;1861;952;909
80027;79;1013;546;467
80029;191;419;305;114
80033;163;491;327;164
80035;5;16007;8006;8001
80043;3;26681;13342;13339
80049;3;26683;13343;13340
80057;223;359;291;68
80059;7;11437;5722;5715
80061;3;26687;13345;13342
80079;3;26693;13348;13345
80081;73;1097;585;512
80083;53;1511;782;729
80089;283;283;283;0
80097;3;26699;13351;13348
80099;173;463;318;145
80101;7;11443;5725;5718
80103;3;26701;13352;13349
80113;11;7283;3647;3636
80117;113;709;411;298
80119;13;6163;3088;3075
80123;19;4217;2118;2099
80129;7;11447;5727;5720
80131;227;353;290;63
80133;3;26711;13357;13354
80137;127;631;379;252
80139;3;26713;13358;13355
80151;3;26717;13360;13357
80159;71;1129;600;529
80161;19;4219;2119;2100
80165;5;16033;8019;8014
80169;3;26723;13363;13360
80183;181;443;312;131
80187;3;26729;13366;13363
80193;3;26731;13367;13364
80203;139;577;358;219
80211;3;26737;13370;13367
80219;97;827;462;365
80243;29;2767;1398;1369
80249;13;6173;3093;3080
80257;17;4721;2369;2352
80261;83;967;525;442
80267;11;7297;3654;3643
80269;7;11467;5737;5730
80277;3;26759;13381;13378
80281;43;1867;955;912
80285;5;16057;8031;8026
80291;17;4723;2370;2353
80293;23;3491;1757;1734
80297;7;11471;5739;5732
80299;59;1361;710;651
80303;131;613;372;241
80305;5;16061;8033;8028
80315;5;16063;8034;8029
80321;31;2591;1311;1280
80323;47;1709;878;831
80331;3;26777;13390;13387
80335;5;16067;8036;8031
80345;5;16069;8037;8032
80349;3;26783;13393;13390
80351;19;4229;2124;2105
80357;107;751;429;322
80365;5;16073;8039;8034
80371;179;449;314;135
80377;11;7307;3659;3648
80381;7;11483;5745;5738
80383;31;2593;1312;1281
80389;19;4231;2125;2106
80393;17;4729;2373;2356
80399;11;7309;3660;3649
80403;3;26801;13402;13399
80411;191;421;306;115
80413;97;829;463;366
80419;137;587;362;225
80423;7;11489;5748;5741
80435;5;16087;8046;8041
80437;7;11491;5749;5742
80439;3;26813;13408;13405
80441;257;313;285;28
80453;43;1871;957;914
80455;5;16091;8048;8043
80459;61;1319;690;629
80461;17;4733;2375;2358
80463;3;26821;13412;13409
80467;67;1201;634;567
80477;23;3499;1761;1738
80479;7;11497;5752;5745
80485;5;16097;8051;8046
80497;101;797;449;348
80499;3;26833;13418;13415
80501;79;1019;549;470
80515;5;16103;8054;8049
80517;3;26839;13421;13418
80519;73;1103;588;515
80521;7;11503;5755;5748
80531;11;7321;3666;3655
80533;29;2777;1403;1374
80539;43;1873;958;915
80543;239;337;288;49
80547;3;26849;13426;13423
80551;109;739;424;315
80555;5;16111;8058;8053
80561;13;6197;3105;3092
80573;197;409;303;106
80579;19;4241;2130;2111
80581;61;1321;691;630
80583;3;26861;13432;13429
80587;13;6199;3106;3093
80589;3;26863;13433;13430
80593;83;971;527;444
80609;149;541;345;196
80617;19;4243;2131;2112
80623;37;2179;1108;1071
80633;7;11519;5763;5756
80635;5;16127;8066;8061
80637;3;26879;13441;13438
80639;13;6203;3108;3095
80641;11;7331;3671;3660
80643;3;26881;13442;13439
80653;59;1367;713;654
80659;79;1021;550;471
80663;11;7333;3672;3661
80673;3;26891;13447;13444
80679;3;26893;13448;13445
80689;7;11527;5767;5760
80695;5;16139;8072;8067
80705;5;16141;8073;8068
80709;3;26903;13453;13450
80711;43;1877;960;917
80719;53;1523;788;735
80723;89;907;498;409
80741;263;307;285;22
80743;13;6211;3112;3099
80753;23;3511;1767;1744
80763;3;26921;13462;13459
80767;17;4751;2384;2367
80781;3;26927;13465;13462
80791;173;467;320;147
80797;43;1879;961;918
80807;19;4253;2136;2117
80813;211;383;297;86
80821;13;6217;3115;3102
80827;131;617;374;243
80837;229;353;291;62
80839;11;7349;3680;3669
80841;3;26947;13475;13472
80843;7;11549;5778;5771
80851;233;347;290;57
80853;3;26951;13477;13474
80857;7;11551;5779;5772
80859;3;26953;13478;13475
80861;11;7351;3681;3670
80867;193;419;306;113
80873;13;6221;3117;3104
80877;3;26959;13481;13478
80879;31;2609;1320;1289
80881;29;2789;1409;1380
80887;47;1721;884;837
80891;23;3517;1770;1747
80893;41;1973;1007;966
80903;17;4759;2388;2371
80915;5;16183;8094;8089
80921;19;4259;2139;2120
80935;5;16187;8096;8091
80939;29;2791;1410;1381
80943;3;26981;13492;13489
80945;5;16189;8097;8092
80947;61;1327;694;633
80957;73;1109;591;518
80959;19;4261;2140;2121
80961;3;26987;13495;13492
80965;5;16193;8099;8094
80977;13;6229;3121;3108
80979;3;26993;13498;13495
80981;47;1723;885;838
80987;109;743;426;317
80999;107;757;432;325
81007;59;1373;716;657
81033;3;27011;13507;13504
81051;3;27017;13510;13507
81053;7;11579;5793;5786
81059;11;7369;3690;3679
81061;103;787;445;342
81079;89;911;500;411
81085;5;16217;8111;8106
81089;131;619;375;244
81091;83;977;530;447
81093;3;27031;13517;13514
81109;7;11587;5797;5790
81113;29;2797;1413;1384
81115;5;16223;8114;8109
81121;23;3527;1775;1752
81127;31;2617;1324;1293
81129;3;27043;13523;13520
81139;41;1979;1010;969
81143;53;1531;792;739
81145;5;16229;8117;8112
81149;19;4271;2145;2126
81151;7;11593;5800;5793
81155;5;16231;8118;8113
81161;277;293;285;8
81167;23;3529;1776;1753
81177;3;27059;13531;13528
81179;7;11597;5802;5795
81183;3;27061;13532;13529
81187;19;4273;2146;2127
81201;3;27067;13535;13532
81211;13;6247;3130;3117
81217;241;337;289;48
81219;3;27073;13538;13535
81227;43;1889;966;923
81229;29;2801;1415;1386
81231;3;27077;13540;13537
81241;137;593;365;228
81245;5;16249;8127;8122
81247;113;719;416;303
81251;31;2621;1326;1295
81253;193;421;307;114
81259;23;3533;1778;1755
81265;5;16253;8129;8124
81269;181;449;315;134
81271;67;1213;640;573
81273;3;27091;13547;13544
81287;29;2803;1416;1387
81309;3;27103;13553;13550
81311;17;4783;2400;2383
81317;233;349;291;58
81319;7;11617;5812;5805
81321;3;27107;13555;13552
81323;11;7393;3702;3691
81327;3;27109;13556;13553
81329;167;487;327;160
81335;5;16267;8136;8131
81337;163;499;331;168
81341;13;6257;3135;3122
81347;7;11621;5814;5807
81365;5;16273;8139;8134
81377;19;4283;2151;2132
81379;17;4787;2402;2385
81381;3;27127;13565;13562
81383;97;839;468;371
81391;199;409;304;105
81397;23;3539;1781;1758
81407;127;641;384;257
81413;17;4789;2403;2386
81419;13;6263;3138;3125
81427;107;761;434;327
81429;3;27143;13573;13570
81431;7;11633;5820;5813
81443;23;3541;1782;1759
81449;79;1031;555;476
81451;47;1733;890;843
81467;41;1987;1014;973
81469;257;317;287;30
81479;59;1381;720;661
81481;17;4793;2405;2388
81491;19;4289;2154;2135
81493;227;359;293;66
81497;13;6269;3141;3128
81503;149;547;348;199
81505;5;16301;8153;8148
81511;37;2203;1120;1083
81521;11;7411;3711;3700
81523;13;6271;3142;3129
81537;3;27179;13591;13588
81539;67;1217;642;575
81541;73;1117;595;522
81573;3;27191;13597;13594
81581;23;3547;1785;1762
81583;17;4799;2408;2391
81587;11;7417;3714;3703
81589;83;983;533;450
81591;3;27197;13600;13597
81593;139;587;363;224
81595;5;16319;8162;8157
81599;7;11657;5832;5825
81601;13;6277;3145;3132
81607;79;1033;556;477
81617;17;4801;2409;2392
81623;31;2633;1332;1301
81633;3;27211;13607;13604
81643;19;4297;2158;2139
81659;37;2207;1122;1085
81661;127;643;385;258
81665;5;16333;8169;8164
81691;151;541;346;195
81695;5;16339;8172;8167
81709;101;809;455;354
81713;41;1993;1017;976
81717;3;27239;13621;13618
81721;71;1151;611;540
81723;3;27241;13622;13619
81731;13;6287;3150;3137
81739;7;11677;5842;5835
81743;43;1901;972;929
81745;5;16349;8177;8172
81751;29;2819;1424;1395
81759;3;27253;13628;13625
81763;11;7433;3722;3711
81767;7;11681;5844;5837
81777;3;27259;13631;13628
81779;53;1543;798;745
81791;89;919;504;415
81793;263;311;287;24
81797;157;521;339;182
81803;179;457;318;139
81805;5;16361;8183;8178
81811;23;3557;1790;1767
81813;3;27271;13637;13634
81815;5;16363;8184;8179
81821;17;4813;2415;2398
81823;7;11689;5848;5841
81827;47;1741;894;847
81831;3;27277;13640;13637
81841;223;367;295;72
81843;3;27281;13642;13639
81845;5;16369;8187;8182
81849;3;27283;13643;13640
81857;23;3559;1791;1768
81859;109;751;430;321
81863;71;1153;612;541
81877;41;1997;1019;978
81881;37;2213;1125;1088
81887;13;6299;3156;3143
81889;17;4817;2417;2400
81893;7;11699;5853;5846
81897;3;27299;13651;13648
81905;5;16381;8193;8188
81907;7;11701;5854;5847
81911;101;811;456;355
81913;13;6301;3157;3144
81941;67;1223;645;578
81959;41;1999;1020;979
81961;11;7451;3731;3720
81979;73;1123;598;525
81987;3;27329;13666;13663
81989;163;503;333;170
81997;167;491;329;162
82001;43;1907;975;932
82011;3;27337;13670;13667
82019;7;11717;5862;5855
82027;11;7457;3734;3723
82033;7;11719;5863;5856
82043;13;6311;3162;3149
82049;11;7459;3735;3724
82055;5;16411;8208;8203
82057;31;2647;1339;1308
82063;137;599;368;231
82079;211;389;300;89
82081;79;1039;559;480
82083;3;27361;13682;13679
82085;5;16417;8211;8206
82091;103;797;450;347
82097;53;1549;801;748
82101;3;27367;13685;13682
82105;5;16421;8213;8208
82109;47;1747;897;850
82111;157;523;340;183
82117;7;11731;5869;5862
82121;13;6317;3165;3152
82123;41;2003;1022;981
82127;17;4831;2424;2407
82133;23;3571;1797;1774
82135;5;16427;8216;8211
82151;113;727;420;307
82157;29;2833;1431;1402
82165;5;16433;8219;8214
82169;127;647;387;260
82177;37;2221;1129;1092
82191;3;27397;13700;13697
82199;13;6323;3168;3155
82201;7;11743;5875;5868
82211;229;359;294;65
82213;19;4327;2173;2154
82221;3;27407;13705;13702
82227;3;27409;13706;13703
82235;5;16447;8226;8221
82247;11;7477;3744;3733
82249;233;353;293;60
82253;83;991;537;454
82255;5;16451;8228;8223
82259;43;1913;978;935
82265;5;16453;8229;8224
82273;29;2837;1433;1404
82277;13;6329;3171;3158
82281;3;27427;13715;13712
82283;107;769;438;331
82291;11;7481;3746;3735
82293;3;27431;13717;13714
82309;53;1553;803;750
82311;3;27437;13720;13717
82319;263;313;288;25
82321;191;431;311;120
82333;281;293;287;6
82337;137;601;369;232
82343;67;1229;648;581
82347;3;27449;13726;13723
82357;11;7487;3749;3738
82363;23;3581;1802;1779
82367;31;2657;1344;1313
82371;3;27457;13730;13727
82379;11;7489;3750;3739
82381;13;6337;3175;3162
82385;5;16477;8241;8236
82391;47;1753;900;853
82403;19;4337;2178;2159
82405;5;16481;8243;8238
82409;23;3583;1803;1780
82417;73;1129;601;528
82427;139;593;366;227
82429;31;2659;1345;1314
82435;5;16487;8246;8241
82437;3;27479;13741;13738
82439;7;11777;5892;5885
82441;19;4339;2179;2160
82443;3;27481;13742;13739
82447;29;2843;1436;1407
82451;41;2011;1026;985
82453;7;11779;5893;5886
82459;13;6343;3178;3165
82461;3;27487;13745;13742
82465;5;16493;8249;8244
82477;67;1231;649;582
82481;7;11783;5895;5888
82489;11;7499;3755;3744
82513;109;757;433;324
82519;179;461;320;141
82523;7;11789;5898;5891
82527;3;27509;13756;13753
82541;59;1399;729;670
82543;197;419;308;111
82553;31;2663;1347;1316
82573;71;1163;617;546
82577;11;7507;3759;3748
82581;3;27527;13765;13762
82583;269;307;288;19
82587;3;27529;13766;13763
82589;13;6353;3183;3170
82595;5;16519;8262;8257
82597;151;547;349;198
82607;7;11801;5904;5897
82617;3;27539;13771;13768
82623;3;27541;13772;13769
82627;53;1559;806;753
82631;19;4349;2184;2165
82637;17;4861;2439;2422
82639;23;3593;1808;1785
82645;5;16529;8267;8262
82649;7;11807;5907;5900
82653;3;27551;13777;13774
82661;131;631;381;250
82667;13;6359;3186;3173
82673;47;1759;903;856
82679;29;2851;1440;1411
82681;89;929;509;420
82687;11;7517;3764;3753
82691;7;11813;5910;5903
82693;13;6361;3187;3174
82697;41;2017;1029;988
82703;191;433;312;121
82711;107;773;440;333
82717;181;457;319;138
82735;5;16547;8276;8271
82741;97;853;475;378
82743;3;27581;13792;13789
82747;7;11821;5914;5907
82749;3;27583;13793;13790
82751;83;997;540;457
82753;11;7523;3767;3756
82765;5;16553;8279;8274
82769;37;2237;1137;1100
82771;13;6367;3190;3177
82783;19;4357;2188;2169
82789;7;11827;5917;5910
82801;31;2671;1351;1320
82805;5;16561;8283;8278
82807;17;4871;2444;2427
82817;7;11831;5919;5912
82819;11;7529;3770;3759
82829;113;733;423;310
82831;7;11833;5920;5913
82833;3;27611;13807;13804
82835;5;16567;8286;8281
82843;37;2239;1138;1101
82849;13;6373;3193;3180
82851;3;27617;13810;13807
82853;29;2857;1443;1414
82865;5;16573;8289;8284
82867;173;479;326;153
82871;79;1049;564;485
82873;7;11839;5923;5916
82877;179;463;321;142
82879;67;1237;652;585
82893;3;27631;13817;13814
82897;19;4363;2191;2172
82907;11;7537;3774;3763
82909;17;4877;2447;2430
82919;283;293;288;5
82921;101;821;461;360
82927;13;6379;3196;3183
82931;127;653;390;263
82933;239;347;293;54
82937;197;421;309;112
82941;3;27647;13825;13822
82949;109;761;435;326
82951;11;7541;3776;3765
82959;3;27653;13828;13825
82961;23;3607;1815;1792
82967;163;509;336;173
82969;29;2861;1445;1416
82987;31;2677;1354;1323
82991;37;2243;1140;1103
82993;149;557;353;204
83015;5;16603;8304;8299
83017;11;7547;3779;3768
83019;3;27673;13838;13835
83021;61;1361;711;650
83029;79;1051;565;486
83033;43;1931;987;944
83035;5;16607;8306;8301
83039;11;7549;3780;3769
83041;7;11863;5935;5928
83051;53;1567;810;757
83057;13;6389;3201;3188
83067;3;27689;13846;13843
83069;7;11867;5937;5930
83073;3;27691;13847;13844
83081;251;331;291;40
83087;19;4373;2196;2177
83091;3;27697;13850;13847
83095;5;16619;8312;8307
83099;23;3613;1818;1795
83103;3;27701;13852;13849
83107;41;2027;1034;993
83113;17;4889;2453;2436
83119;43;1933;988;945
83123;101;823;462;361
83129;97;857;477;380
83131;59;1409;734;675
83141;71;1171;621;550
83149;11;7559;3785;3774
83155;5;16631;8318;8313
83159;137;607;372;235
83161;13;6397;3205;3192
83165;5;16633;8319;8314
83171;11;7561;3786;3775
83173;31;2683;1357;1326
83179;223;373;298;75
83183;193;431;312;119
83189;41;2029;1035;994
83191;23;3617;1820;1797
83197;271;307;289;18
83199;3;27733;13868;13865
83209;7;11887;5947;5940
83211;3;27737;13870;13867
83217;3;27739;13871;13868
83229;3;27743;13873;13870
83245;5;16649;8327;8322
83247;3;27749;13876;13873
83253;3;27751;13877;13874
83255;5;16651;8328;8323
83261;139;599;369;230
83263;53;1571;812;759
83279;7;11897;5952;5945
83285;5;16657;8331;8326
83287;37;2251;1144;1107
83289;3;27763;13883;13880
83297;31;2687;1359;1328
83301;3;27767;13885;13882
83303;11;7573;3792;3781
83305;5;16661;8333;8328
83309;227;367;297;70
83319;3;27773;13888;13885
83321;7;11903;5955;5948
83323;97;859;478;381
83327;103;809;456;353
83329;23;3623;1823;1800
83333;167;499;333;166
83337;3;27779;13891;13888
83347;11;7577;3794;3783
83351;17;4903;2460;2443
83359;31;2689;1360;1329
83363;7;11909;5958;5951
83365;5;16673;8339;8334
83371;263;317;290;27
83373;3;27791;13897;13894
83379;3;27793;13898;13895
83381;199;419;309;110
83387;61;1367;714;653
83393;89;937;513;424
83397;3;27799;13901;13898
83409;3;27803;13903;13900
83411;239;349;294;55
83413;11;7583;3797;3786
83427;3;27809;13906;13903
83429;19;4391;2205;2186
83441;181;461;321;140
83451;3;27817;13910;13907
83453;17;4909;2463;2446
83455;5;16691;8348;8343
83461;7;11923;5965;5958
83465;5;16693;8349;8344
83469;3;27823;13913;13910
83473;13;6421;3217;3204
83479;11;7589;3800;3789
83481;3;27827;13915;13912
83483;31;2693;1362;1331
83489;7;11927;5967;5960
83491;29;2879;1454;1425
83495;5;16699;8352;8347
83501;11;7591;3801;3790
83507;113;739;426;313
83513;23;3631;1827;1804
83515;5;16703;8354;8349
83519;47;1777;912;865
83527;101;827;464;363
83531;7;11933;5970;5963
83533;103;811;457;354
83539;139;601;370;231
83541;3;27847;13925;13922
83543;19;4397;2208;2189
83551;13;6427;3220;3207
83553;3;27851;13927;13924
83569;193;433;313;120
83573;7;11939;5973;5966
83587;7;11941;5974;5967
83593;179;467;323;144
83599;41;2039;1040;999
83623;17;4919;2468;2451
83627;241;347;294;53
83633;11;7603;3807;3796
83645;5;16729;8367;8362
83647;233;359;296;63
83649;3;27883;13943;13940
83651;23;3637;1830;1807
83659;269;311;290;21
83669;31;2699;1365;1334
83671;7;11953;5980;5973
83677;11;7607;3809;3798
83679;3;27893;13948;13945
83683;67;1249;658;591
83687;53;1579;816;763
83693;127;659;393;266
83703;3;27901;13952;13949
83705;5;16741;8373;8368
83711;97;863;480;383
83713;7;11959;5983;5976
83723;29;2887;1458;1429
83729;101;829;465;364
83735;5;16747;8376;8371
83747;83;1009;546;463
83749;89;941;515;426
83751;3;27917;13960;13957
83753;61;1373;717;656
83757;3;27919;13961;13958
83767;211;397;304;93
83771;19;4409;2214;2195
83779;199;421;310;111
83783;7;11969;5988;5981
83789;23;3643;1833;1810
83795;5;16759;8382;8377
83797;7;11971;5989;5982
83801;47;1783;915;868
83803;181;463;322;141
83807;43;1949;996;953
83815;5;16763;8384;8379
83819;79;1061;570;491
83821;109;769;439;330
83823;3;27941;13972;13969
83827;17;4931;2474;2457
83829;3;27943;13973;13970
83831;11;7621;3816;3805
83837;13;6449;3231;3218
83841;3;27947;13975;13972
83849;191;439;315;124
83851;71;1181;626;555
83859;3;27953;13978;13975
83861;17;4933;2475;2458
83863;13;6451;3232;3219
83867;7;11981;5994;5987
83879;37;2267;1152;1115
83883;3;27961;13982;13979
83887;149;563;356;207
83893;43;1951;997;954
83899;53;1583;818;765
83901;3;27967;13985;13982
83909;7;11987;5997;5990
83917;31;2707;1369;1338
83929;17;4937;2477;2460
83935;5;16787;8396;8391
83947;127;661;394;267
83949;3;27983;13993;13990
83953;37;2269;1153;1116
83957;59;1423;741;682
83959;113;743;428;315
83971;131;641;386;255
83977;79;1063;571;492
83981;137;613;375;238
83989;47;1787;917;870
83991;3;27997;14000;13997
83999;19;4421;2220;2201
84001;167;503;335;168
84003;3;28001;14002;13999
84013;29;2897;1463;1434
84023;73;1151;612;539
84029;11;7639;3825;3814
84031;17;4943;2480;2463
84037;19;4423;2221;2202
84041;31;2711;1371;1340
84043;229;367;298;69
84049;7;12007;6007;6000
84055;5;16811;8408;8403
84057;3;28019;14011;14008
84073;11;7643;3827;3816
84077;7;12011;6009;6002
84079;83;1013;548;465
84081;3;28027;14015;14012
84083;47;1789;918;871
84093;3;28031;14017;14014
84097;13;6469;3241;3228
84101;37;2273;1155;1118
84103;31;2713;1372;1341
84107;151;557;354;203
84109;241;349;295;54
84115;5;16823;8414;8409
84139;11;7649;3830;3819
84145;5;16829;8417;8412
84149;13;6473;3243;3230
84153;3;28051;14027;14024
84155;5;16831;8418;8413
84157;23;3659;1841;1818
84167;17;4951;2484;2467
84169;73;1153;613;540
84171;3;28057;14030;14027
84173;41;2053;1047;1006
84187;29;2903;1466;1437
84193;59;1427;743;684
84197;269;313;291;22
84207;3;28069;14036;14033
84209;107;787;447;340
84215;5;16843;8424;8419
84233;131;643;387;256
84241;61;1381;721;660
84243;3;28081;14042;14039
84251;173;487;330;157
84253;13;6481;3247;3234
84257;109;773;441;332
84259;7;12037;6022;6015
84261;3;28087;14045;14042
84269;17;4957;2487;2470
84277;71;1187;629;558
84281;271;311;291;20
84283;89;947;518;429
84287;7;12041;6024;6017
84289;31;2719;1375;1344
84291;3;28097;14050;14047
84297;3;28099;14051;14048
84301;7;12043;6025;6018
84311;59;1429;744;685
84327;3;28109;14056;14053
84333;3;28111;14057;14054
84343;7;12049;6028;6021
84353;67;1259;663;596
84355;5;16871;8438;8433
84359;11;7669;3840;3829
84361;29;2909;1469;1440
84367;239;353;296;57
84369;3;28123;14063;14060
84373;139;607;373;234
84379;19;4441;2230;2211
84383;13;6491;3252;3239
84395;5;16879;8442;8437
84397;37;2281;1159;1122
84403;11;7673;3842;3831
84415;5;16883;8444;8439
84433;23;3671;1847;1824
84439;17;4967;2492;2475
84445;5;16889;8447;8442
84451;79;1069;574;495
84453;3;28151;14077;14074
84473;17;4969;2493;2476
84479;23;3673;1848;1825
84489;3;28163;14083;14080
84491;11;7681;3846;3835
84493;19;4447;2233;2214
84497;7;12071;6039;6032
84505;5;16901;8453;8448
84511;7;12073;6040;6033
84515;5;16903;8454;8449
84517;223;379;301;78
84527;181;467;324;143
84529;137;617;377;240
84541;17;4973;2495;2478
84543;3;28181;14092;14089
84547;59;1433;746;687
84549;3;28183;14093;14090
84557;11;7687;3849;3838
84563;103;821;462;359
84569;19;4451;2235;2216
84571;23;3677;1850;1827
84577;83;1019;551;468
84583;41;2063;1052;1011
84587;251;337;294;43
84593;29;2917;1473;1444
84599;31;2729;1380;1349
84601;11;7691;3851;3840
84603;3;28201;14102;14099
84605;5;16921;8463;8458
84611;211;401;306;95
84613;191;443;317;126
84619;37;2287;1162;1125
84633;3;28211;14107;14104
84635;5;16927;8466;8461
84641;53;1597;825;772
84647;47;1801;924;877
84655;5;16931;8468;8463
84657;3;28219;14111;14108
84661;31;2731;1381;1350
84671;227;373;300;73
84679;7;12097;6052;6045
84683;19;4457;2238;2219
84685;5;16937;8471;8466
84687;3;28229;14116;14113
84689;11;7699;3855;3844
84703;71;1193;632;561
84707;7;12101;6054;6047
84715;5;16943;8474;8469
84727;193;439;316;123
84733;11;7703;3857;3846
84739;101;839;470;369
84743;83;1021;552;469
84749;7;12107;6057;6050
84757;131;647;389;258
84763;7;12109;6058;6051
84769;103;823;463;360
84773;13;6521;3267;3254
84779;17;4987;2502;2485
84781;149;569;359;210
84791;7;12113;6060;6053
84797;19;4463;2241;2222
84803;137;619;378;241
84815;5;16963;8484;8479
84817;89;953;521;432
84823;271;313;292;21
84829;41;2069;1055;1014
84831;3;28277;14140;14137
84833;7;12119;6063;6056
84837;3;28279;14141;14138
84839;43;1973;1008;965
84841;37;2293;1165;1128
84849;3;28283;14143;14140
84853;53;1601;827;774
84863;113;751;432;319
84867;3;28289;14146;14143
84877;13;6529;3271;3258
84881;17;4993;2505;2488
84883;29;2927;1478;1449
84887;11;7717;3864;3853
84891;3;28297;14150;14147
84893;23;3691;1857;1834
84895;5;16979;8492;8487
84899;73;1163;618;545
84901;59;1439;749;690
84905;5;16981;8493;8488
84907;197;431;314;117
84921;3;28307;14155;14152
84923;163;521;342;179
84927;3;28309;14156;14153
84935;5;16987;8496;8491
84937;157;541;349;192
84943;173;491;332;159
84953;11;7723;3867;3856
84957;3;28319;14161;14158
84965;5;16993;8499;8494
84971;31;2741;1386;1355
84983;17;4999;2508;2491
84989;37;2297;1167;1130
84997;11;7727;3869;3858
85001;7;12143;6075;6068
85003;167;509;338;171
85013;151;563;357;206
85031;23;3697;1860;1837
85039;277;307;292;15
85043;7;12149;6078;6071
85047;3;28349;14176;14173
85051;17;5003;2510;2493
85053;3;28351;14177;14174
85055;5;17011;8508;8503
85067;257;331;294;37
85069;97;877;487;390
85073;241;353;297;56
85079;149;571;360;211
85097;43;1979;1011;968
85099;7;12157;6082;6075
85105;5;17021;8513;8508
85111;13;6547;3280;3267
85117;47;1811;929;882
85123;23;3701;1862;1839
85127;7;12161;6084;6077
85135;5;17027;8516;8511
85139;19;4481;2250;2231
85141;7;12163;6085;6078
85145;5;17029;8517;8512
85151;11;7741;3876;3865
85153;17;5009;2513;2496
85161;3;28387;14195;14192
85163;13;6551;3282;3269
85165;5;17033;8519;8514
85171;53;1607;830;777
85177;19;4483;2251;2232
85179;3;28393;14198;14195
85181;103;827;465;362
85187;17;5011;2514;2497
85189;13;6553;3283;3270
85205;5;17041;8523;8518
85207;139;613;376;237
85209;3;28403;14203;14200
85219;31;2749;1390;1359
85227;3;28409;14206;14203
85231;29;2939;1484;1455
85233;3;28411;14207;14204
85235;5;17047;8526;8521
85249;163;523;343;180
85265;5;17053;8529;8524
85271;71;1201;636;565
85273;269;317;293;24
85277;53;1609;831;778
85279;107;797;452;345
85283;11;7753;3882;3871
85287;3;28429;14216;14213
85299;3;28433;14218;14215
85301;197;433;315;118
85307;23;3709;1866;1843
85317;3;28439;14221;14218
85319;13;6563;3288;3275
85321;41;2081;1061;1020
85327;11;7757;3884;3873
85339;61;1399;730;669
85341;3;28447;14225;14222
85343;31;2753;1392;1361
85349;11;7759;3885;3874
85357;17;5021;2519;2502
85367;19;4493;2256;2237
85373;59;1447;753;694
85379;7;12197;6102;6095
85385;5;17077;8541;8536
85387;103;829;466;363
85389;3;28463;14233;14230
85391;17;5023;2520;2503
85397;13;6569;3291;3278
85403;41;2083;1062;1021
85409;223;383;303;80
85417;229;373;301;72
85421;7;12203;6105;6098
85423;13;6571;3292;3279
85431;3;28477;14240;14237
85433;37;2309;1173;1136
85441;43;1987;1015;972
85457;97;881;489;392
85465;5;17093;8549;8544
85471;127;673;400;273
85477;7;12211;6109;6102
85479;3;28493;14248;14245
85483;73;1171;622;549
85489;53;1613;833;780
85495;5;17099;8552;8547
85497;3;28499;14251;14248
85499;193;443;318;125
85501;13;6577;3295;3282
85507;37;2311;1174;1137
85511;233;367;300;67
85535;5;17107;8556;8551
85537;23;3719;1871;1848
85539;3;28513;14258;14255
85541;113;757;435;322
85543;131;653;392;261
85551;3;28517;14260;14257
85553;13;6581;3297;3284
85559;67;1277;672;605
85567;41;2087;1064;1023
85573;83;1031;557;474
85585;5;17117;8561;8556
85589;7;12227;6117;6110
85609;59;1451;755;696
85611;3;28537;14270;14267
85615;5;17123;8564;8559
85623;3;28541;14272;14269
85633;19;4507;2263;2244
85637;29;2953;1491;1462
85641;3;28547;14275;14272
85647;3;28549;14276;14273
85649;41;2089;1065;1024
85651;97;883;490;393
85663;17;5039;2528;2511
85673;7;12239;6123;6116
85677;3;28559;14281;14278
85679;11;7789;3900;3889
85681;47;1823;935;888
85685;5;17137;8571;8566
85687;7;12241;6124;6117
85693;67;1279;673;606
85699;43;1993;1018;975
85713;3;28571;14287;14284
85719;3;28573;14288;14285
85721;23;3727;1875;1852
85723;11;7793;3902;3891
85727;59;1453;756;697
85737;3;28579;14291;14288
85739;83;1033;558;475
85741;179;479;329;150
85747;19;4513;2266;2247
85753;29;2957;1493;1464
85757;7;12251;6129;6122
85759;191;449;320;129
85763;139;617;378;239
85769;199;431;315;116
85771;7;12253;6130;6123
85773;3;28591;14297;14294
85777;31;2767;1399;1368
85783;109;787;448;339
85787;13;6599;3306;3293
85791;3;28597;14300;14297
85795;5;17159;8582;8577
85801;239;359;299;60
85807;53;1619;836;783
85809;3;28603;14303;14300
85821;3;28607;14305;14302
85823;19;4517;2268;2249
85835;5;17167;8586;8581
85841;7;12263;6135;6128
85849;293;293;293;0
85857;3;28619;14311;14308
85859;23;3733;1878;1855
85861;19;4519;2269;2250
85863;3;28621;14312;14309
85867;17;5051;2534;2517
85871;43;1997;1020;977
85873;79;1087;583;504
85879;157;547;352;195
85881;3;28627;14315;14312
85883;7;12269;6138;6131
85891;13;6607;3310;3297
85893;3;28631;14317;14314
85907;271;317;294;23
85913;53;1621;837;784
85915;5;17183;8594;8589
85919;151;569;360;209
85927;29;2963;1496;1467
85929;3;28643;14323;14320
85937;19;4523;2271;2252
85939;7;12277;6142;6135
85945;5;17189;8597;8592
85947;3;28649;14326;14323
85949;61;1409;735;674
85955;5;17191;8598;8593
85957;43;1999;1021;978
85961;67;1283;675;608
85967;7;12281;6144;6137
85971;3;28657;14330;14327
85973;149;577;363;214
85979;127;677;402;275
85983;3;28661;14332;14329
85987;11;7817;3914;3903
85989;3;28663;14333;14330
85993;113;761;437;324
85997;23;3739;1881;1858
86003;17;5059;2538;2521
86007;3;28669;14336;14333
86015;5;17203;8604;8599
86023;7;12289;6148;6141
86033;227;379;303;76
86035;5;17207;8606;8601
86039;97;887;492;395
86041;139;619;379;240
86045;5;17209;8607;8602
86047;13;6619;3316;3303
86053;11;7823;3917;3906
86057;47;1831;939;892
86059;41;2099;1070;1029
86061;3;28687;14345;14342
86063;89;967;528;439
86081;59;1459;759;700
86087;31;2777;1404;1373
86091;3;28697;14350;14347
86101;29;2969;1499;1470
86107;7;12301;6154;6147
86109;3;28703;14353;14350
86119;11;7829;3920;3909
86123;71;1213;642;571
86129;43;2003;1023;980
86133;3;28711;14357;14354
86147;277;311;294;17
86153;101;853;477;376
86155;5;17231;8618;8613
86159;29;2971;1500;1471
86167;199;433;316;117
86169;3;28723;14363;14360
86187;3;28729;14366;14363
86189;79;1091;585;506
86195;5;17239;8622;8617
86213;73;1181;627;554
86221;151;571;361;210
86231;53;1627;840;787
86237;83;1039;561;478
86251;11;7841;3926;3915
86253;3;28751;14377;14374
86259;3;28753;14378;14375
86261;7;12323;6165;6158
86267;281;307;294;13
86277;3;28759;14381;14378
86281;13;6637;3325;3312
86285;5;17257;8631;8626
86299;211;409;310;99
86303;7;12329;6168;6161
86309;17;5077;2547;2530
86313;3;28771;14387;14384
86321;37;2333;1185;1148
86327;173;499;336;163
86329;131;659;395;264
86347;79;1093;586;507
86363;67;1289;678;611
86367;3;28789;14396;14393
86377;17;5081;2549;2532
86379;3;28793;14398;14395
86383;11;7853;3932;3921
86393;19;4547;2283;2264
86401;7;12343;6175;6168
86407;71;1217;644;573
86417;103;839;471;368
86419;89;971;530;441
86421;3;28807;14405;14402
86429;7;12347;6177;6170
86431;19;4549;2284;2265
86439;3;28813;14408;14405
86447;137;631;384;247
86451;3;28817;14410;14407
86455;5;17291;8648;8643
86459;31;2789;1410;1379
86465;5;17293;8649;8644
86473;43;2011;1027;984
86479;17;5087;2552;2535
86483;197;439;318;121
86489;13;6653;3333;3320
86495;5;17299;8652;8647
86497;67;1291;679;612
86503;23;3761;1892;1869
86511;3;28837;14420;14417
86519;241;359;300;59
86521;31;2791;1411;1380
86529;3;28843;14423;14420
86537;11;7867;3939;3928
86543;37;2339;1188;1151
86551;41;2111;1076;1035
86557;101;857;479;378
86563;107;809;458;351
86567;13;6659;3336;3323
86577;3;28859;14431;14428
86585;5;17317;8661;8656
86591;131;661;396;265
86593;13;6661;3337;3324
86601;3;28867;14435;14432
86603;11;7873;3942;3931
86605;5;17321;8663;8658
86609;257;337;297;40
86611;7;12373;6190;6183
86613;3;28871;14437;14434
86617;37;2341;1189;1152
86633;41;2113;1077;1036
86635;5;17327;8666;8661
86637;3;28879;14441;14438
86639;7;12377;6192;6185
86641;23;3767;1895;1872
86647;11;7877;3944;3933
86651;73;1187;630;557
86653;7;12379;6193;6186
86657;193;449;321;128
86659;19;4561;2290;2271
86663;79;1097;588;509
86665;5;17333;8669;8664
86669;11;7879;3945;3934
86683;17;5099;2558;2541
86687;23;3769;1896;1873
86699;181;479;330;149
86701;277;313;295;18
86703;3;28901;14452;14449
86705;5;17341;8673;8668
86707;31;2797;1414;1383
86713;11;7883;3947;3936
86717;17;5101;2559;2542
86727;3;28909;14456;14453
86731;43;2017;1030;987
86737;7;12391;6199;6192
86741;127;683;405;278
86747;223;389;306;83
86749;13;6673;3343;3330
86755;5;17351;8678;8673
86759;101;859;480;379
86761;53;1637;845;792
86763;3;28921;14462;14459
86773;19;4567;2293;2274
86777;107;811;459;352
86781;3;28927;14465;14462
86789;59;1471;765;706
86791;229;379;304;75
86795;5;17359;8682;8677
86799;3;28933;14468;14465
86803;61;1423;742;681
86807;7;12401;6204;6197
86809;47;1847;947;900
86819;17;5107;2562;2545
86827;13;6679;3346;3333
86831;31;2801;1416;1385
86833;71;1223;647;576
86839;37;2347;1192;1155
86847;3;28949;14476;14473
86863;7;12409;6208;6201
86873;109;797;453;344
86881;283;307;295;12
86883;3;28961;14482;14479
86885;5;17377;8691;8686
86891;7;12413;6210;6203
86893;31;2803;1417;1386
86897;113;769;441;328
86899;67;1297;682;615
86909;233;373;303;70
86911;11;7901;3956;3945
86915;5;17383;8694;8689
86917;23;3779;1901;1878
86921;17;5113;2565;2548
86935;5;17387;8696;8691
86937;3;28979;14491;14488
86941;227;383;305;78
86945;5;17389;8697;8692
86947;7;12421;6214;6207
86953;89;977;533;444
86957;13;6689;3351;3338
86965;5;17393;8699;8694
86971;29;2999;1514;1485
86977;11;7907;3959;3948
86983;13;6691;3352;3339
86987;37;2351;1194;1157
87005;5;17401;8703;8698
87007;167;521;344;177
87019;173;503;338;165
87023;17;5119;2568;2551
87027;3;29009;14506;14503
87029;29;3001;1515;1486
87031;7;12433;6220;6213
87047;61;1427;744;683
87051;3;29017;14510;14507
87053;263;331;297;34
87059;7;12437;6222;6215
87063;3;29021;14512;14509
87067;83;1049;566;483
87069;3;29023;14513;14510
87077;19;4583;2301;2282
87081;3;29027;14515;14512
87085;5;17417;8711;8706
87089;73;1193;633;560
87095;5;17419;8712;8707
87097;251;347;299;48
87099;3;29033;14518;14515
87109;11;7919;3965;3954
87113;13;6701;3357;3344
87127;151;577;364;213
87137;79;1103;591;512
87139;13;6703;3358;3345
87155;5;17431;8718;8713
87157;7;12451;6229;6222
87161;43;2027;1035;992
87163;101;863;482;381
87167;67;1301;684;617
87169;61;1429;745;684
87173;179;487;333;154
87177;3;29059;14531;14528
87189;3;29063;14533;14530
87197;11;7927;3969;3958
87199;7;12457;6232;6225
87209;37;2357;1197;1160
87215;5;17443;8724;8719
87217;13;6709;3361;3348
87229;19;4591;2305;2286
87231;3;29077;14540;14537
87233;83;1051;567;484
87239;23;3793;1908;1885
87245;5;17449;8727;8722
87247;43;2029;1036;993
87259;71;1229;650;579
87263;11;7933;3972;3961
87271;197;443;320;123
87287;191;457;324;133
87289;41;2129;1085;1044
87301;67;1303;685;618
87303;3;29101;14552;14549
87307;11;7937;3974;3963
87311;7;12473;6240;6233
87319;29;3011;1520;1491
87331;23;3797;1910;1887
87335;5;17467;8736;8731
87341;167;523;345;178
87343;19;4597;2308;2289
87347;13;6719;3366;3353
87349;113;773;443;330
87353;7;12479;6243;6236
87355;5;17471;8738;8733
87361;199;439;319;120
87369;3;29123;14563;14560
87371;41;2131;1086;1045
87379;59;1481;770;711
87385;5;17477;8741;8736
87387;3;29129;14566;14563
87389;31;2819;1425;1394
87391;281;311;296;15
87393;3;29131;14567;14564
87401;71;1231;651;580
87409;7;12487;6247;6240
87411;3;29137;14570;14567
87413;61;1433;747;686
87415;5;17483;8744;8739
87437;7;12491;6249;6242
87439;11;7949;3980;3969
87441;3;29147;14575;14572
87445;5;17489;8747;8742
87449;157;557;357;200
87455;5;17491;8748;8743
87457;19;4603;2311;2292
87459;3;29153;14578;14575
87461;11;7951;3981;3970
87463;149;587;368;219
87467;47;1861;954;907
87469;23;3803;1913;1890
87479;7;12497;6252;6245
87485;5;17497;8751;8746
87487;89;983;536;447
87497;59;1483;771;712
87499;17;5147;2582;2565
87501;3;29167;14585;14582
87519;3;29173;14588;14585
87521;7;12503;6255;6248
87529;13;6733;3373;3360
87537;3;29179;14591;14588
87545;5;17509;8757;8752
87551;29;3019;1524;1495
87569;67;1307;687;620
87573;3;29191;14597;14594
87577;7;12511;6259;6252
87581;13;6737;3375;3362
87593;11;7963;3987;3976
87595;5;17519;8762;8757
87599;251;349;300;49
87601;17;5153;2585;2568
87603;3;29201;14602;14599
87611;79;1109;594;515
87617;41;2137;1089;1048
87619;7;12517;6262;6255
87621;3;29207;14605;14602
87627;3;29209;14606;14603
87663;3;29221;14612;14609
87667;29;3023;1526;1497
87673;73;1201;637;564
87677;43;2039;1041;998
87689;7;12527;6267;6260
87693;3;29231;14617;14614
87695;5;17539;8772;8767
87707;229;383;306;77
87709;139;631;385;246
87713;239;367;303;64
87727;37;2371;1204;1167
87729;3;29243;14623;14620
87733;59;1487;773;714
87749;47;1867;957;910
87753;3;29251;14627;14624
87755;5;17551;8778;8773
87757;127;691;409;282
87773;7;12539;6273;6266
87779;61;1439;750;689
87781;41;2141;1091;1050
87787;7;12541;6274;6267
87799;19;4621;2320;2301
87807;3;29269;14636;14633
87809;277;317;297;20
87817;137;641;389;252
87821;53;1657;855;802
87823;31;2833;1432;1401
87827;71;1237;654;583
87829;7;12547;6277;6270
87839;17;5167;2592;2575
87845;5;17569;8787;8782
87847;107;821;464;357
87851;59;1489;774;715
87859;103;853;478;375
87861;3;29287;14645;14642
87863;41;2143;1092;1051
87865;5;17573;8789;8784
87871;7;12553;6280;6273
87883;23;3821;1922;1899
87889;179;491;335;156
87891;3;29297;14650;14647
87893;13;6761;3387;3374
87895;5;17579;8792;8787
87905;5;17581;8793;8788
87907;17;5171;2594;2577
87909;3;29303;14653;14650
87919;13;6763;3388;3375
87923;11;7993;4002;3991
87929;23;3823;1923;1900
87933;3;29311;14657;14654
87937;47;1871;959;912
87947;31;2837;1434;1403
87949;37;2377;1207;1170
87953;281;313;297;16
87979;97;907;502;405
87981;3;29327;14665;14662
87983;7;12569;6288;6281
87985;5;17597;8801;8796
87995;5;17599;8802;8797
87999;3;29333;14668;14665
88013;283;311;297;14
88017;3;29339;14671;14668
88031;47;1873;960;913
88039;7;12577;6292;6285
88041;3;29347;14675;14672
88043;17;5179;2598;2581
88045;5;17609;8807;8802
88051;191;461;326;135
88057;173;509;341;168
88061;107;823;465;358
88063;83;1061;572;489
88073;29;3037;1533;1504
88081;7;12583;6295;6288
88087;59;1493;776;717
88089;3;29363;14683;14680
88091;137;643;390;253
88097;37;2381;1209;1172
88099;11;8009;4010;3999
88103;19;4637;2328;2309
88115;5;17623;8814;8809
88121;11;8011;4011;4000
88123;7;12589;6298;6291
88127;13;6779;3396;3383
88133;31;2843;1437;1406
88135;5;17627;8816;8811
88139;53;1663;858;805
88141;19;4639;2329;2310
88147;181;487;334;153
88149;3;29383;14693;14690
88153;13;6781;3397;3384
88157;199;443;321;122
88159;23;3833;1928;1905
88161;3;29387;14695;14692
88163;131;673;402;271
88167;3;29389;14696;14693
88171;37;2383;1210;1173
88181;109;809;459;350
88183;163;541;352;189
88187;11;8017;4014;4003
88189;29;3041;1535;1506
88197;3;29399;14701;14698
88199;89;991;540;451
88201;193;457;325;132
88203;3;29401;14702;14699
88207;7;12601;6304;6297
88213;17;5189;2603;2586
88217;19;4643;2331;2312
88219;47;1877;962;915
88229;83;1063;573;490
88233;3;29411;14707;14704
88243;79;1117;598;519
88267;61;1447;754;693
88269;3;29423;14713;14710
88271;103;857;480;377
88273;41;2153;1097;1056
88277;7;12611;6309;6302
88279;43;2053;1048;1005
88283;13;6791;3402;3389
88285;5;17657;8831;8826
88287;3;29429;14716;14713
88291;7;12613;6310;6303
88295;5;17659;8832;8827
88303;227;389;308;81
88307;233;379;306;73
88309;13;6793;3403;3390
88311;3;29437;14720;14717
88313;47;1879;963;916
88329;3;29443;14723;14720
88331;19;4649;2334;2315
88333;7;12619;6313;6306
88345;5;17669;8837;8832
88349;17;5197;2607;2590
88351;53;1667;860;807
88357;149;593;371;222
88359;3;29453;14728;14725
88367;97;911;504;407
88369;19;4651;2335;2316
88373;67;1319;693;626
88381;31;2851;1441;1410
88391;157;563;360;203
88393;37;2389;1213;1176
88399;109;811;460;351
88405;5;17681;8843;8838
88409;211;419;315;104
88415;5;17683;8844;8839
88419;3;29473;14738;14735
88421;29;3049;1539;1510
88429;11;8039;4025;4014
88433;191;463;327;136
88439;13;6803;3408;3395
88441;59;1499;779;720
88447;241;367;304;63
88449;3;29483;14743;14740
88453;197;449;323;126
88457;53;1669;861;808
88459;7;12637;6322;6315
88477;103;859;481;378
88481;23;3847;1935;1912
88483;19;4657;2338;2319
88487;7;12641;6324;6317
88489;107;827;467;360
88503;3;29501;14752;14749
88507;67;1321;694;627
88511;61;1451;756;695
88529;7;12647;6327;6320
88531;223;397;310;87
88535;5;17707;8856;8851
88541;37;2393;1215;1178
88549;73;1213;643;570
88553;17;5209;2613;2596
88565;5;17713;8859;8854
88567;31;2857;1444;1413
88571;7;12653;6330;6323
88573;23;3851;1937;1914
88577;101;877;489;388
88579;283;313;298;15
88581;3;29527;14765;14762
88583;11;8053;4032;4021
88593;3;29531;14767;14764
88597;19;4663;2341;2322
88601;41;2161;1101;1060
88603;251;353;302;51
88611;3;29537;14770;14767
88613;7;12659;6333;6326
88619;23;3853;1938;1915
88631;263;337;300;37
88633;61;1453;757;696
88637;151;587;369;218
88639;137;647;392;255
88645;5;17729;8867;8862
88649;11;8059;4035;4024
88679;71;1249;660;589
88685;5;17737;8871;8866
88687;131;677;404;273
88691;31;2861;1446;1415
88697;7;12671;6339;6332
88699;13;6823;3418;3405
88701;3;29567;14785;14782
88703;107;829;468;361
88707;3;29569;14786;14783
88709;43;2063;1053;1010
88717;79;1123;601;522
88719;3;29573;14788;14785
88727;83;1069;576;493
88733;89;997;543;454
88735;5;17747;8876;8871
88743;3;29581;14792;14789
88745;5;17749;8877;8872
88751;13;6827;3420;3407
88759;11;8069;4040;4029
88761;3;29587;14795;14792
88763;37;2399;1218;1181
88769;29;3061;1545;1516
88777;13;6829;3421;3408
88783;47;1889;968;921
88787;19;4673;2346;2327
88797;3;29599;14801;14798
88805;5;17761;8883;8878
88823;7;12689;6348;6341
88829;13;6833;3423;3410
88831;211;421;316;105
88833;3;29611;14807;14804
88841;73;1217;645;572
88849;23;3863;1943;1920
88859;17;5227;2622;2605
88871;181;491;336;155
88879;7;12697;6352;6345
88887;3;29629;14816;14813
88889;103;863;483;380
88891;11;8081;4046;4035
88899;3;29633;14818;14815
88901;19;4679;2349;2330
88909;67;1327;697;630
88915;5;17783;8894;8889
88921;7;12703;6355;6348
88923;3;29641;14822;14819
88927;17;5231;2624;2607
88931;113;787;450;337
88933;13;6841;3427;3414
88943;29;3067;1548;1519
88945;5;17789;8897;8892
88955;5;17791;8898;8893
88957;11;8087;4049;4038
88961;17;5233;2625;2608
88967;43;2069;1056;1013
88973;193;461;327;134
88979;11;8089;4050;4039
88981;101;881;491;390
88989;3;29663;14833;14830
88991;7;12713;6360;6353
88999;61;1459;760;699
89007;3;29669;14836;14833
89013;3;29671;14837;14834
89023;11;8093;4052;4041
89027;127;701;414;287
89029;17;5237;2627;2610
89035;5;17807;8906;8901
89039;269;331;300;31
89047;7;12721;6364;6357
89049;3;29683;14843;14840
89077;281;317;299;18
89081;229;389;309;80
89099;139;641;390;251
89111;11;8101;4056;4045
89129;19;4691;2355;2336
89135;5;17827;8916;8911
89141;13;6857;3435;3422
89143;97;919;508;411
89147;239;373;306;67
89149;59;1511;785;726
89151;3;29717;14860;14857
89161;163;547;355;192
89169;3;29723;14863;14860
89171;23;3877;1950;1927
89173;7;12739;6373;6366
89179;257;347;302;45
89183;101;883;492;391
89185;5;17837;8921;8916
89191;79;1129;604;525
89195;5;17839;8922;8917
89197;191;467;329;138
89201;7;12743;6375;6368
89207;37;2411;1224;1187
89219;13;6863;3438;3425
89221;11;8111;4061;4050
89223;3;29741;14872;14869
89239;233;383;308;75
89249;31;2879;1455;1424
89251;149;599;374;225
89255;5;17851;8928;8923
89259;3;29753;14878;14875
89263;23;3881;1952;1929
89277;3;29759;14881;14878
89279;73;1223;648;575
89283;3;29761;14882;14879
89287;11;8117;4064;4053
89291;29;3079;1554;1525
89297;13;6869;3441;3428
89299;7;12757;6382;6375
89315;5;17863;8934;8929
89321;179;499;339;160
89323;13;6871;3442;3429
89333;157;569;363;206
89339;41;2179;1110;1069
89341;7;12763;6385;6378
89347;47;1901;974;927
89351;199;449;324;125
89353;11;8123;4067;4056
89357;19;4703;2361;2342
89359;193;463;328;135
89367;3;29789;14896;14893
89377;139;643;391;252
89389;71;1259;665;594
89405;5;17881;8943;8938
89407;29;3083;1556;1527
89409;3;29803;14903;14900
89423;223;401;312;89
89429;37;2417;1227;1190
89437;17;5261;2639;2622
89447;23;3889;1956;1933
89455;5;17891;8948;8943
89457;3;29819;14911;14908
89461;137;653;395;258
89467;7;12781;6394;6387
89473;131;683;407;276
89479;13;6883;3448;3435
89483;43;2081;1062;1019
89489;109;821;465;356
89497;31;2887;1459;1428
89499;3;29833;14918;14915
89511;3;29837;14920;14917
89515;5;17903;8954;8949
89537;7;12791;6399;6392
89543;151;593;372;221
89545;5;17909;8957;8952
89549;149;601;375;226
89553;3;29851;14927;14924
89555;5;17911;8958;8953
89569;43;2083;1063;1020
89581;29;3089;1559;1530
89587;101;887;494;393
89589;3;29863;14933;14930
89593;7;12799;6403;6396
89601;3;29867;14935;14932
89605;5;17921;8963;8958
89615;5;17923;8964;8959
89617;11;8147;4079;4068
89619;3;29873;14938;14935
89629;47;1907;977;930
89637;3;29879;14941;14938
89641;17;5273;2645;2628
89643;3;29881;14942;14939
89645;5;17929;8967;8962
89647;157;571;364;207
89651;37;2423;1230;1193
89663;7;12809;6408;6401
89687;13;6899;3456;3443
89693;257;349;303;46
89695;5;17939;8972;8967
89699;19;4721;2370;2351
89701;271;331;301;30
89707;109;823;466;357
89711;283;317;300;17
89717;73;1229;651;578
89729;53;1693;873;820
89731;61;1471;766;705
89737;19;4723;2371;2352
89741;43;2087;1065;1022
89743;17;5279;2648;2631
89747;7;12821;6414;6407
89751;3;29917;14960;14957
89761;7;12823;6415;6408
89763;3;29921;14962;14959
89771;11;8161;4086;4075
89773;107;839;473;366
89777;17;5281;2649;2632
89781;3;29927;14965;14962
89785;5;17957;8981;8976
89791;13;6907;3460;3447
89795;5;17959;8982;8977
89801;89;1009;549;460
89803;7;12829;6418;6411
89807;31;2897;1464;1433
89827;43;2089;1066;1023
89837;11;8167;4089;4078
89841;3;29947;14975;14972
89843;13;6911;3462;3449
89851;19;4729;2374;2355
89855;5;17971;8988;8983
89857;59;1523;791;732
89861;23;3907;1965;1942
89863;73;1231;652;579
89877;3;29959;14981;14978
89881;11;8171;4091;4080
89885;5;17977;8991;8986
89887;7;12841;6424;6417
89893;241;373;307;66
89905;5;17981;8993;8988
89911;47;1913;980;933
89921;13;6917;3465;3452
89927;19;4733;2376;2357
89933;139;647;393;254
89935;5;17987;8996;8991
89941;53;1697;875;822
89945;5;17989;8997;8992
89949;3;29983;14993;14990
89951;293;307;300;7
89953;23;3911;1967;1944
89967;3;29989;14996;14993
89969;11;8179;4095;4084
89971;7;12853;6430;6423
89993;31;2903;1467;1436
90029;197;457;327;130
90033;3;30011;15007;15004
90037;179;503;341;162
90039;3;30013;15008;15005
90043;127;709;418;291
90047;53;1699;876;823
90049;17;5297;2657;2640
90061;113;797;455;342
90065;5;18013;9009;9004
90087;3;30029;15016;15013
90091;23;3917;1970;1947
90101;11;8191;4101;4090
90109;251;359;305;54
90113;97;929;513;416
90119;227;397;312;85
90131;193;467;330;137
90133;173;521;347;174
90137;23;3919;1971;1948
90141;3;30047;15025;15022
90143;109;827;468;359
90151;17;5303;2660;2643
90157;89;1013;551;462
90161;29;3109;1569;1540
90169;37;2437;1237;1200
90177;3;30059;15031;15028
90179;31;2909;1470;1439
90205;5;18041;9023;9018
90213;3;30071;15037;15034
90215;5;18043;9024;9019
90221;83;1087;585;502
90223;7;12889;6448;6441
90229;23;3923;1973;1950
90235;5;18047;9026;9021
90245;5;18049;9027;9022
90251;7;12893;6450;6443
90253;17;5309;2663;2646
90257;43;2099;1071;1028
90267;3;30089;15046;15043
90269;19;4751;2385;2366
90273;3;30091;15047;15044
90283;137;659;398;261
90291;3;30097;15050;15047
90293;7;12899;6453;6446
90295;5;18059;9032;9027
90299;11;8209;4110;4099
90301;73;1237;655;582
90305;5;18061;9033;9028
90309;3;30103;15053;15050
90311;13;6947;3480;3467
90317;37;2441;1239;1202
90319;181;499;340;159
90323;41;2203;1122;1081
90327;3;30109;15056;15053
90329;59;1531;795;736
90331;103;877;490;387
90337;13;6949;3481;3468
90339;3;30113;15058;15055
90341;61;1481;771;710
90347;167;541;354;187
90349;7;12907;6457;6450
90357;3;30119;15061;15058
90361;109;829;469;360
90367;23;3929;1976;1953
90377;7;12911;6459;6452
90385;5;18077;9041;9036
90399;3;30133;15068;15065
90409;11;8219;4115;4104
90411;3;30137;15070;15067
90413;23;3931;1977;1954
90417;3;30139;15071;15068
90419;7;12917;6462;6455
90421;19;4759;2389;2370
90427;31;2917;1474;1443
90431;11;8221;4116;4105
90433;7;12919;6463;6456
90443;149;607;378;229
90445;5;18089;9047;9042
90449;151;599;375;224
90451;29;3119;1574;1545
90461;7;12923;6465;6458
90463;61;1483;772;711
90467;13;6959;3486;3473
90479;173;523;348;175
90483;3;30161;15082;15079
90485;5;18097;9051;9046
90487;41;2207;1124;1083
90491;17;5323;2670;2653
90493;13;6961;3487;3474
90507;3;30169;15086;15083
90509;29;3121;1575;1546
90521;131;691;411;280
90539;37;2447;1242;1205
90541;11;8231;4121;4110
90543;3;30181;15092;15089
90553;83;1091;587;504
90557;137;661;399;262
90561;3;30187;15095;15092
90563;11;8233;4122;4111
90571;13;6967;3490;3477
90577;53;1709;881;828
90581;239;379;309;70
90587;7;12941;6474;6467
90589;157;577;367;210
90591;3;30197;15100;15097
90595;5;18119;9062;9057
90605;5;18121;9063;9058
90607;11;8237;4124;4113
90609;3;30203;15103;15100
90623;13;6971;3492;3479
90633;3;30211;15107;15104
90635;5;18127;9066;9061
90637;233;389;311;78
90653;269;337;303;34
90655;5;18131;9068;9063
90661;17;5333;2675;2658
90665;5;18133;9069;9064
90667;71;1277;674;603
90669;3;30223;15113;15110
90671;7;12953;6480;6473
90673;11;8243;4127;4116
90689;23;3943;1983;1960
90691;89;1019;554;465
90701;13;6977;3495;3482
90707;61;1487;774;713
90713;7;12959;6483;6476
90715;5;18143;9074;9069
90719;83;1093;588;505
90721;257;353;305;48
90723;3;30241;15122;15119
90733;41;2213;1127;1086
90737;31;2927;1479;1448
90743;103;881;492;389
90745;5;18149;9077;9072
90751;151;601;376;225
90757;47;1931;989;942
90759;3;30253;15128;15125
90767;139;653;396;257
90769;7;12967;6487;6480
90773;43;2111;1077;1034
90777;3;30259;15131;15128
90779;13;6983;3498;3485
90781;23;3947;1985;1962
90791;163;557;360;197
90807;3;30269;15136;15133
90809;71;1279;675;604
90811;7;12973;6490;6483
90813;3;30271;15137;15134
90817;197;461;329;132
90829;61;1489;775;714
90845;5;18169;9087;9082
90851;47;1933;990;943
90853;7;12979;6493;6486
90859;43;2113;1078;1035
90869;89;1021;555;466
90877;19;4783;2401;2382
90879;3;30293;15148;15145
90881;7;12983;6495;6488
90883;13;6991;3502;3489
90889;97;937;517;420
90893;11;8263;4137;4126
90899;17;5347;2682;2665
90905;5;18181;9093;9088
90913;229;397;313;84
90921;3;30307;15155;15152
90929;79;1151;615;536
90939;3;30313;15158;15155
90941;211;431;321;110
90943;199;457;328;129
90949;103;883;493;390
90953;19;4787;2403;2384
90955;5;18191;9098;9093
90957;3;30319;15161;15158
90959;11;8269;4140;4129
90961;13;6997;3505;3492
90967;17;5351;2684;2667
90969;3;30323;15163;15160
90973;29;3137;1583;1554
90983;37;2459;1248;1211
90991;19;4789;2404;2385
90995;5;18199;9102;9097
91003;11;8273;4142;4131
91007;7;13001;6504;6497
91013;13;7001;3507;3494
91021;7;13003;6505;6498
91023;3;30341;15172;15169
91027;227;401;314;87
91037;59;1543;801;742
91041;3;30347;15175;15172
91043;181;503;342;161
91049;7;13007;6507;6500
91051;83;1097;590;507
91055;5;18211;9108;9103
91061;41;2221;1131;1090
91063;7;13009;6508;6501
91067;19;4793;2406;2387
91073;61;1493;777;716
91085;5;18217;9111;9106
91087;79;1153;616;537
91093;71;1283;677;606
91101;3;30367;15185;15182
91109;31;2939;1485;1454
91111;179;509;344;165
91115;5;18223;9114;9109
91123;293;311;302;9
91145;5;18229;9117;9112
91157;11;8287;4149;4138
91165;5;18233;9119;9114
91167;3;30389;15196;15193
91169;13;7013;3513;3500
91173;3;30391;15197;15194
91177;73;1249;661;588
91181;19;4799;2409;2390
91187;67;1361;714;647
91201;11;8291;4151;4140
91207;223;409;316;93
91209;3;30403;15203;15200
91211;197;463;330;133
91213;53;1721;887;834
91219;19;4801;2410;2391
91223;11;8293;4152;4141
91231;7;13033;6520;6513
91241;23;3967;1995;1972
91247;13;7019;3516;3503
91255;5;18251;9128;9123
91259;7;13037;6522;6515
91261;263;347;305;42
91265;5;18253;9129;9124
91267;11;8297;4154;4143
91271;107;853;480;373
91277;97;941;519;422
91279;37;2467;1252;1215
91281;3;30427;15215;15212
91285;5;18257;9131;9126
91293;3;30431;15217;15214
91301;7;13043;6525;6518
91313;127;719;423;296
91319;53;1723;888;835
91327;271;337;304;33
91337;149;613;381;232
91339;241;379;310;69
91343;7;13049;6528;6521
91345;5;18269;9137;9132
91347;3;30449;15226;15223
91349;167;547;357;190
91351;13;7027;3520;3507
91361;103;887;495;392
91363;211;433;322;111
91391;59;1549;804;745
91401;3;30467;15235;15232
91407;3;30469;15236;15233
91417;113;809;461;348
91421;11;8311;4161;4150
91435;5;18287;9146;9141
91439;61;1499;780;719
91441;7;13063;6535;6528
91445;5;18289;9147;9142
91447;19;4813;2416;2397
91451;109;839;474;365
91473;3;30491;15247;15244
91477;17;5381;2699;2682
91479;3;30493;15248;15245
91487;11;8317;4164;4153
91489;191;479;335;144
91491;3;30497;15250;15247
91501;37;2473;1255;1218
91505;5;18301;9153;9148
91507;13;7039;3526;3513
91519;71;1289;680;609
91523;19;4817;2418;2399
91527;3;30509;15256;15253
91535;5;18307;9156;9151
91537;239;383;311;72
91543;31;2953;1492;1461
91547;43;2129;1086;1043
91549;83;1103;593;510
91551;3;30517;15260;15257
91555;5;18311;9158;9153
91559;13;7043;3528;3515
91565;5;18313;9159;9154
91579;17;5387;2702;2685
91587;3;30529;15266;15263
91589;67;1367;717;650
91601;139;659;399;260
91603;47;1949;998;951
91607;101;907;504;403
91617;3;30539;15271;15268
91619;11;8329;4170;4159
91627;59;1553;806;747
91633;43;2131;1087;1044
91643;113;811;462;349
91645;5;18329;9167;9162
91649;37;2477;1257;1220
91651;7;13093;6550;6543
91657;151;607;379;228
91659;3;30553;15278;15275
91661;71;1291;681;610
91667;31;2957;1494;1463
91671;3;30557;15280;15277
91677;3;30559;15281;15278
91681;17;5393;2705;2688
91687;277;331;304;27
91693;7;13099;6553;6546
91697;47;1951;999;952
91699;107;857;482;375
91705;5;18341;9173;9168
91709;293;313;303;10
91717;41;2237;1139;1098
91721;7;13103;6555;6548
91727;29;3163;1596;1567
91731;3;30577;15290;15287
91739;199;461;330;131
91741;13;7057;3535;3522
91747;23;3989;2006;1983
91759;89;1031;560;471
91763;7;13109;6558;6551
91765;5;18353;9179;9174
91769;163;563;363;200
91779;3;30593;15298;15295
91783;17;5399;2708;2691
91787;263;349;306;43
91789;19;4831;2425;2406
91799;41;2239;1140;1099
91829;229;401;315;86
91831;131;701;416;285
91835;5;18367;9186;9181
91843;29;3167;1598;1569
91847;7;13121;6564;6557
91849;53;1733;893;840
91853;31;2963;1497;1466
91855;5;18371;9188;9183
91859;97;947;522;425
91877;79;1163;621;542
91879;139;661;400;261
91883;11;8353;4182;4171
91889;7;13127;6567;6560
91891;43;2137;1090;1047
91893;3;30631;15317;15314
91895;5;18379;9192;9187
91897;13;7069;3541;3528
91901;29;3169;1599;1570
91907;73;1259;666;593
91911;3;30637;15320;15317
91913;107;859;483;376
91919;17;5407;2712;2695
91929;3;30643;15323;15320
91933;149;617;383;234
91937;89;1033;561;472
91947;3;30649;15326;15323
91963;41;2243;1142;1101
91981;59;1559;809;750
91983;3;30661;15332;15329
91985;5;18397;9201;9196
91991;67;1373;720;653
91993;11;8363;4187;4176
91999;197;467;332;135
92005;5;18401;9203;9198
92011;101;911;506;405
92013;3;30671;15337;15334
92021;17;5413;2715;2698
92023;23;4001;2012;1989
92027;13;7079;3546;3533
92029;7;13147;6577;6570
92031;3;30677;15340;15337
92039;31;2969;1500;1469
92047;83;1109;596;513
92057;7;13151;6579;6572
92059;11;8369;4190;4179
92063;43;2141;1092;1049
92065;5;18413;9209;9204
92067;3;30689;15346;15343
92069;23;4003;2013;1990
92087;71;1297;684;613
92089;17;5417;2717;2700
92091;3;30697;15350;15347
92101;31;2971;1501;1470
92109;3;30703;15353;15350
92113;7;13159;6583;6576
92117;251;367;309;58
92121;3;30707;15355;15352
92123;17;5419;2718;2701
92129;181;509;345;164
92135;5;18427;9216;9211
92137;199;463;331;132
92139;3;30713;15358;15355
92141;7;13163;6585;6578
92147;11;8377;4194;4183
92149;43;2143;1093;1050
92159;157;587;372;215
92161;23;4007;2015;1992
92165;5;18433;9219;9214
92171;61;1511;786;725
92181;3;30727;15365;15362
92195;5;18439;9222;9217
92197;7;13171;6589;6582
92201;137;673;405;268
92215;5;18443;9224;9219
92231;149;619;384;235
92239;7;13177;6592;6585
92249;29;3181;1605;1576
92255;5;18451;9228;9223
92257;11;8387;4199;4188
92263;257;359;308;51
92271;3;30757;15380;15377
92273;53;1741;897;844
92279;11;8389;4200;4189
92281;7;13183;6595;6588
92285;5;18457;9231;9226
92289;3;30763;15383;15380
92291;41;2251;1146;1105
92299;23;4013;2018;1995
92303;241;383;312;71
92305;5;18461;9233;9228
92309;7;13187;6597;6590
92319;3;30773;15388;15385
92327;17;5431;2724;2707
92329;127;727;427;300
92339;13;7103;3558;3545
92341;107;863;485;378
92343;3;30781;15392;15389
92359;19;4861;2440;2421
92371;71;1301;686;615
92405;5;18481;9243;9238
92409;3;30803;15403;15400
92417;13;7109;3561;3548
92423;29;3187;1608;1579
92427;3;30809;15406;15403
92429;17;5437;2727;2710
92437;23;4019;2021;1998
92441;97;953;525;428
92447;193;479;336;143
92451;3;30817;15410;15407
92453;59;1567;813;754
92465;5;18493;9249;9244
92471;89;1039;564;475
92483;23;4021;2022;1999
92487;3;30829;15416;15413
92497;17;5441;2729;2712
92501;233;397;315;82
92509;79;1171;625;546
92513;71;1303;687;616
92515;5;18503;9254;9249
92517;3;30839;15421;15418
92519;7;13217;6612;6605
92523;3;30841;15422;15419
92527;67;1381;724;657
92531;17;5443;2730;2713
92533;7;13219;6613;6606
92539;29;3191;1610;1581
92549;19;4871;2445;2426
92553;3;30851;15427;15424
92559;3;30853;15428;15425
92563;151;613;382;231
92573;13;7121;3567;3554
92577;3;30859;15431;15428
92579;43;2153;1098;1055
92585;5;18517;9261;9256
92591;53;1747;900;847
92603;7;13229;6618;6611
92605;5;18521;9263;9258
92607;3;30869;15436;15433
92609;11;8419;4215;4204
92611;37;2503;1270;1233
92613;3;30871;15437;15434
92615;5;18523;9264;9259
92621;23;4027;2025;2002
92629;211;439;325;114
92633;17;5449;2733;2716
92643;3;30881;15442;15439
92651;13;7127;3570;3557
92653;11;8423;4217;4206
92663;19;4877;2448;2429
92677;13;7129;3571;3558
92679;3;30893;15448;15445
92687;7;13241;6624;6617
92689;59;1571;815;756
92695;5;18539;9272;9267
92705;5;18541;9273;9268
92711;83;1117;600;517
92719;11;8429;4220;4209
92731;47;1973;1010;963
92733;3;30911;15457;15454
92741;11;8431;4221;4210
92743;7;13249;6628;6621
92747;163;569;366;203
92749;137;677;407;270
92765;5;18553;9279;9274
92773;113;821;467;354
92793;3;30931;15467;15464
92797;71;1307;689;618
92811;3;30937;15470;15467
92813;7;13259;6633;6626
92819;101;919;510;409
92823;3;30941;15472;15469
92839;263;353;308;45
92843;227;409;318;91
92847;3;30949;15476;15473
92869;7;13267;6637;6630
92873;11;8443;4227;4216
92879;131;709;420;289
92881;293;317;305;12
92887;29;3203;1616;1587
92891;19;4889;2454;2435
92903;61;1523;792;731
92909;53;1753;903;850
92913;3;30971;15487;15484
92915;5;18583;9294;9289
92917;11;8447;4229;4218
92923;43;2161;1102;1059
92931;3;30977;15490;15487
92933;199;467;333;134
92935;5;18587;9296;9291
92947;41;2267;1154;1113
92949;3;30983;15493;15490
92963;13;7151;3582;3569
92965;5;18593;9299;9294
92969;31;2999;1515;1484
92971;239;389;314;75
92977;109;853;481;372
92999;113;823;468;355
93007;17;5471;2744;2727
93011;281;331;306;25
93013;47;1979;1013;966
93017;191;487;339;148
93019;167;557;362;195
93029;41;2269;1155;1114
93031;31;3001;1516;1485
93037;7;13291;6649;6642
93039;3;31013;15508;15505
93057;3;31019;15511;15508
93061;29;3209;1619;1590
93067;13;7159;3586;3573
93071;11;8461;4236;4225
93073;163;571;367;204
93079;7;13297;6652;6645
93085;5;18617;9311;9306
93091;127;733;430;303
93099;3;31033;15518;15515
93101;157;593;375;218
93109;17;5477;2747;2730
93117;3;31039;15521;15518
93127;23;4049;2036;2013
93137;11;8467;4239;4228
93143;17;5479;2748;2731
93153;3;31051;15527;15524
93157;19;4903;2461;2442
93161;59;1579;819;760
93163;7;13309;6658;6651
93167;151;617;384;233
93173;23;4051;2037;2014
93185;5;18637;9321;9316
93189;3;31063;15533;15530
93191;7;13313;6660;6653
93193;41;2273;1157;1116
93207;3;31069;15536;15533
93209;83;1123;603;520
93211;17;5483;2750;2733
93221;73;1277;675;602
93227;53;1759;906;853
93237;3;31079;15541;15538
93243;3;31081;15542;15539
93259;179;521;350;171
93271;19;4909;2464;2445
93273;3;31091;15547;15544
93277;37;2521;1279;1242
93289;7;13327;6667;6660
93293;29;3217;1623;1594
93299;79;1181;630;551
93301;13;7177;3595;3582
93305;5;18661;9333;9328
93311;23;4057;2040;2017
93317;7;13331;6669;6662
93341;31;3011;1521;1490
93343;269;347;308;39
93349;277;337;307;30
93355;5;18671;9338;9333
93359;7;13337;6672;6665
93361;89;1049;569;480
93363;3;31121;15562;15559
93367;73;1279;676;603
93369;3;31123;15563;15560
93373;7;13339;6673;6666
93389;47;1987;1017;970
93391;61;1531;796;735
93395;5;18679;9342;9337
93397;59;1583;821;762
93409;29;3221;1625;1596
93413;109;857;483;374
93417;3;31139;15571;15568
93421;103;907;505;402
93431;13;7187;3600;3587
93433;233;401;317;84
93437;223;419;321;98
93441;3;31147;15575;15572
93451;113;827;470;357
93453;3;31151;15577;15574
93455;5;18691;9348;9343
93459;3;31153;15578;15575
93461;19;4919;2469;2450
93469;151;619;385;234
93473;211;443;327;116
93477;3;31159;15581;15578
93505;5;18701;9353;9348
93509;13;7193;3603;3590
93511;11;8501;4256;4245
93517;17;5501;2759;2742
93521;41;2281;1161;1120
93531;3;31177;15590;15587
93539;89;1051;570;481
93543;3;31181;15592;15589
93547;139;673;406;267
93549;3;31183;15593;15590
93551;17;5503;2760;2743
93565;5;18713;9359;9354
93567;3;31189;15596;15593
93569;7;13367;6687;6680
93571;137;683;410;273
93579;3;31193;15598;15595
93589;31;3019;1525;1494
93593;173;541;357;184
93595;5;18719;9362;9357
93617;179;523;351;172
93619;17;5507;2762;2745
93623;251;373;312;61
93631;109;859;484;375
93641;29;3229;1629;1600
93643;11;8513;4262;4251
93647;37;2531;1284;1247
93649;71;1319;695;624
93655;5;18731;9368;9363
93657;3;31219;15611;15608
93659;73;1283;678;605
93661;229;409;319;90
93667;7;13381;6694;6687
93669;3;31223;15613;15610
93671;47;1993;1020;973
93673;283;331;307;24
93677;113;829;471;358
93679;23;4073;2048;2025
93689;19;4931;2475;2456
93691;13;7207;3610;3597
93693;3;31231;15617;15614
93697;43;2179;1111;1068
93707;83;1129;606;523
93711;3;31237;15620;15617
93713;31;3023;1527;1496
93715;5;18743;9374;9369
93727;19;4933;2476;2457
93731;11;8521;4266;4255
93733;67;1399;733;666
93741;3;31247;15625;15622
93743;13;7211;3612;3599
93745;5;18749;9377;9372
93747;3;31249;15626;15623
93749;241;389;315;74
93759;3;31253;15628;15625
93767;41;2287;1164;1123
93769;13;7213;3613;3600
93773;79;1187;633;554
93777;3;31259;15631;15628
93779;7;13397;6702;6695
93781;191;491;341;150
93785;5;18757;9381;9376
93791;71;1321;696;625
93793;7;13399;6703;6696
93797;11;8527;4269;4258
93799;97;967;532;435
93801;3;31267;15635;15632
93803;19;4937;2478;2459
93813;3;31271;15637;15634
93817;23;4079;2051;2028
93823;17;5519;2768;2751
93829;101;929;515;414
93831;3;31277;15640;15637
93833;103;911;507;404
93839;107;877;492;385
93847;13;7219;3616;3603
93853;127;739;433;306
93857;17;5521;2769;2752
93859;47;1997;1022;975
93865;5;18773;9389;9384
93877;7;13411;6709;6702
93881;269;349;309;40
93883;223;421;322;99
93907;11;8537;4274;4263
93917;19;4943;2481;2462
93919;7;13417;6712;6705
93921;3;31307;15655;15652
93929;11;8539;4275;4264
93935;5;18787;9396;9391
93943;37;2539;1288;1251
93947;7;13421;6714;6707
93953;47;1999;1023;976
93957;3;31319;15661;15658
93959;17;5527;2772;2755
93963;3;31321;15662;15659
93965;5;18793;9399;9394
93973;11;8543;4277;4266
93977;13;7229;3621;3608
93981;3;31327;15665;15662
93985;5;18797;9401;9396
93991;193;487;340;147
93999;3;31333;15668;15665
94011;3;31337;15670;15667
94013;41;2293;1167;1126
94015;5;18803;9404;9399
94019;149;631;390;241
94021;167;563;365;198
94027;17;5531;2774;2757
94037;271;347;309;38
94043;157;599;378;221
94051;163;577;370;207
94067;109;863;486;377
94069;19;4951;2485;2466
94071;3;31357;15680;15677
94081;13;7237;3625;3612
94087;7;13441;6724;6717
94091;37;2543;1290;1253
94093;23;4091;2057;2034
94097;73;1289;681;608
94103;139;677;408;269
94123;61;1543;802;741
94137;3;31379;15691;15688
94139;23;4093;2058;2035
94141;47;2003;1025;978
94147;31;3037;1534;1503
94157;7;13451;6729;6722
94159;13;7243;3628;3615
94161;3;31387;15695;15692
94173;3;31391;15697;15694
94177;41;2297;1169;1128
94179;3;31393;15698;15695
94181;53;1777;915;862
94183;19;4957;2488;2469
94187;97;971;534;437
94189;131;719;425;294
94191;3;31397;15700;15697
94193;11;8563;4287;4276
94195;5;18839;9422;9417
94199;7;13457;6732;6725
94211;13;7247;3630;3617
94217;71;1327;699;628
94223;59;1597;828;769
94241;7;13463;6735;6728
94243;73;1291;682;609
94247;79;1193;636;557
94249;307;307;307;0
94267;107;881;494;387
94271;31;3041;1536;1505
94277;23;4099;2061;2038
94279;29;3251;1640;1611
94283;7;13469;6738;6731
94289;13;7253;3633;3620
94295;5;18859;9432;9427
94301;181;521;351;170
94303;11;8573;4292;4281
94313;37;2549;1293;1256
94319;257;367;312;55
94337;29;3253;1641;1612
94339;7;13477;6742;6735
94345;5;18869;9437;9432
94357;157;601;379;222
94361;127;743;435;308
94363;197;479;338;141
94373;19;4967;2493;2474
94387;37;2551;1294;1257
94391;11;8581;4296;4285
94403;67;1409;738;671
94407;3;31469;15736;15733
94409;7;13487;6747;6740
94411;19;4969;2494;2475
94417;263;359;311;48
94429;89;1061;575;486
94431;3;31477;15740;15737
94443;3;31481;15742;15739
94453;29;3257;1643;1614
94459;59;1601;830;771
94467;3;31489;15746;15743
94469;17;5557;2787;2770
94481;107;883;495;388
94487;19;4973;2496;2477
94489;61;1549;805;744
94493;7;13499;6753;6746
94495;5;18899;9452;9447
94499;53;1783;918;865
94511;29;3259;1644;1615
94517;47;2011;1029;982
94519;31;3049;1540;1509
94533;3;31511;15757;15754
94539;3;31513;15758;15755
94551;3;31517;15760;15757
94553;23;4111;2067;2044
94555;5;18911;9458;9453
94565;5;18913;9459;9454
94567;11;8597;4304;4293
94571;17;5563;2790;2773
94579;271;349;310;39
94585;5;18917;9461;9456
94589;11;8599;4305;4294
94591;7;13513;6760;6753
94593;3;31531;15767;15764
94595;5;18919;9462;9457
94607;89;1063;576;487
94609;37;2557;1297;1260
94623;3;31541;15772;15769
94629;3;31543;15773;15770
94631;173;547;360;187
94637;101;937;519;418
94641;3;31547;15775;15772
94657;103;919;511;408
94661;7;13523;6765;6758
94663;181;523;352;171
94667;137;691;414;277
94669;41;2309;1175;1134
94673;17;5569;2793;2776
94679;13;7283;3648;3635
94681;73;1297;685;612
94697;281;337;309;28
94699;11;8609;4310;4299
94701;3;31567;15785;15782
94711;53;1787;920;867
94719;3;31573;15788;15785
94729;43;2203;1123;1080
94733;61;1553;807;746
94735;5;18947;9476;9471
94739;211;449;330;119
94741;17;5573;2795;2778
94749;3;31583;15793;15790
94751;41;2311;1176;1135
94753;19;4987;2503;2484
94759;7;13537;6772;6765
94763;193;491;342;149
94769;97;977;537;440
94795;5;18959;9482;9477
94799;47;2017;1032;985
94803;3;31601;15802;15799
94807;113;839;476;363
94813;59;1607;833;774
94817;53;1789;921;868
94821;3;31607;15805;15802
94853;11;8623;4317;4306
94859;29;3271;1650;1621
94861;13;7297;3655;3642
94865;5;18973;9489;9484
94867;19;4993;2506;2487
94871;7;13553;6780;6773
94877;17;5581;2799;2782
94879;79;1201;640;561
94881;3;31627;15815;15812
94883;239;397;318;79
94891;31;3061;1546;1515
94895;5;18979;9492;9487
94897;11;8627;4319;4308
94901;43;2207;1125;1082
94909;107;887;497;390
94919;11;8629;4320;4309
94921;23;4127;2075;2052
94929;3;31643;15823;15820
94931;59;1609;834;775
94937;139;683;411;272
94947;3;31649;15826;15823
94957;269;353;311;42
94967;23;4129;2076;2053
94969;7;13567;6787;6780
94971;3;31657;15830;15827
94973;73;1301;687;614
94981;19;4999;2509;2490
94989;3;31663;15833;15830
94991;13;7307;3660;3647
95001;3;31667;15835;15832
95005;5;19001;9503;9498
95017;13;7309;3661;3648
95023;167;569;368;201
95039;7;13577;6792;6785
95041;101;941;521;420
95045;5;19009;9507;9502
95047;17;5591;2804;2787
95051;11;8641;4326;4315
95057;19;5003;2511;2492
95059;23;4133;2078;2055
95061;3;31687;15845;15842
95065;5;19013;9509;9504
95077;31;3067;1549;1518
95097;3;31699;15851;15848
95099;61;1559;810;749
95113;227;419;323;96
95117;11;8647;4329;4318
95119;73;1303;688;615
95129;251;379;315;64
95137;7;13591;6799;6792
95141;89;1069;579;490
95155;5;19031;9518;9513
95159;43;2213;1128;1085
95163;3;31721;15862;15859
95167;59;1613;836;777
95169;3;31723;15863;15860
95171;19;5009;2514;2495
95173;13;7321;3667;3654
95179;7;13597;6802;6795
95181;3;31727;15865;15862
95185;5;19037;9521;9516
95187;3;31729;15866;15863
95197;23;4139;2081;2058
95209;19;5011;2515;2496
95223;3;31741;15872;15869
95237;131;727;429;298
95253;3;31751;15877;15874
95255;5;19051;9528;9523
95269;47;2027;1037;990
95281;151;631;391;240
95291;7;13613;6810;6803
95293;11;8663;4337;4326
95297;233;409;321;88
95299;157;607;382;225
95303;13;7331;3672;3659
95307;3;31769;15886;15883
95309;191;499;345;154
95313;3;31771;15887;15884
95321;199;479;339;140
95329;13;7333;3673;3660
95333;7;13619;6813;6806
95341;67;1423;745;678
95345;5;19069;9537;9532
95351;97;983;540;443
95357;167;571;369;202
95359;11;8669;4340;4329
95363;47;2029;1038;991
95365;5;19073;9539;9534
95371;283;337;310;27
95377;127;751;439;312
95379;3;31793;15898;15895
95389;7;13627;6817;6810
95395;5;19079;9542;9537
95397;3;31799;15901;15898
95399;19;5021;2520;2501
95405;5;19081;9543;9538
95411;73;1307;690;617
95423;37;2579;1308;1271
95431;7;13633;6820;6813
95435;5;19087;9546;9541
95437;19;5023;2521;2502
95447;11;8677;4344;4333
95449;31;3079;1555;1524
95451;3;31817;15910;15907
95453;53;1801;927;874
95477;307;311;309;2
95491;11;8681;4346;4335
95503;43;2221;1132;1089
95509;149;641;395;246
95519;23;4153;2088;2065
95521;59;1619;839;780
95533;83;1151;617;534
95537;13;7349;3681;3668
95541;3;31847;15925;15922
95543;7;13649;6828;6821
95547;3;31849;15926;15923
95563;13;7351;3682;3669
95567;227;421;324;97
95573;31;3083;1557;1526
95577;3;31859;15931;15928
95579;11;8689;4350;4339
95587;61;1567;814;753
95591;17;5623;2820;2803
95593;109;877;493;384
95605;5;19121;9563;9558
95609;67;1427;747;680
95611;23;4157;2090;2067
95619;3;31873;15938;15935
95623;11;8693;4352;4341
95639;59;1621;840;781
95647;101;947;524;423
95649;3;31883;15943;15940
95653;41;2333;1187;1146
95657;23;4159;2091;2068
95663;271;353;312;41
95671;29;3299;1664;1635
95673;3;31891;15947;15944
95677;241;397;319;78
95681;163;587;375;212
95683;7;13669;6838;6831
95687;103;929;516;413
95689;11;8699;4355;4344
95695;5;19139;9572;9567
95699;83;1153;618;535
95705;5;19141;9573;9568
95721;3;31907;15955;15952
95729;29;3301;1665;1636
95741;19;5039;2529;2510
95743;67;1429;748;681
95753;7;13679;6843;6836
95759;31;3089;1560;1529
95767;7;13681;6844;6837
95777;11;8707;4359;4348
95785;5;19157;9581;9576
95797;13;7369;3691;3678
95807;149;643;396;247
95809;7;13687;6847;6840
95815;5;19163;9584;9579
95827;79;1213;646;567
95831;61;1571;816;755
95833;47;2039;1043;996
95837;7;13691;6849;6842
95839;239;401;320;81
95843;11;8713;4362;4351
95851;7;13693;6850;6843
95861;257;373;315;58
95863;17;5639;2828;2811
95867;37;2591;1314;1277
95871;3;31957;15980;15977
95879;7;13697;6852;6845
95889;3;31963;15983;15980
95897;17;5641;2829;2812
95899;41;2339;1190;1149
95903;29;3307;1668;1639
95905;5;19181;9593;9588
95909;11;8719;4365;4354
95915;5;19183;9594;9589
95919;3;31973;15988;15985
95939;197;487;342;145
95941;37;2593;1315;1278
95943;3;31981;15992;15989
95951;229;419;324;95
95963;7;13709;6858;6851
95969;19;5051;2535;2516
95973;3;31991;15997;15994
95977;7;13711;6859;6852
95981;41;2341;1191;1150
95983;53;1811;932;879
95993;59;1627;843;784
95999;17;5647;2832;2815
96009;3;32003;16003;16000
96011;67;1433;750;683
96023;131;733;432;301
96027;3;32009;16006;16003
96029;109;881;495;386
96035;5;19207;9606;9601
96037;137;701;419;282
96041;11;8731;4371;4360
96047;7;13721;6864;6857
96049;139;691;415;276
96055;5;19211;9608;9603
96061;7;13723;6865;6858
96065;5;19213;9609;9604
96067;17;5651;2834;2817
96071;23;4177;2100;2077
96073;191;503;347;156
96077;29;3313;1671;1642
96081;3;32027;16015;16012
96087;3;32029;16016;16013
96091;307;313;310;3
96095;5;19219;9612;9607
96101;17;5653;2835;2818
96103;7;13729;6868;6861
96107;11;8737;4374;4363
96109;13;7393;3703;3690
96113;223;431;327;104
96119;277;347;312;35
96121;19;5059;2539;2520
96127;97;991;544;447
96133;251;383;317;66
96139;127;757;442;315
96143;79;1217;648;569
96151;11;8741;4376;4365
96153;3;32051;16027;16024
96155;5;19231;9618;9613
96169;17;5657;2837;2820
96171;3;32057;16030;16027
96177;3;32059;16031;16028
96185;5;19237;9621;9616
96189;3;32063;16033;16030
96191;43;2237;1140;1097
96203;17;5659;2838;2821
96207;3;32069;16036;16033
96217;11;8747;4379;4368
96227;41;2347;1194;1153
96231;3;32077;16040;16037
96241;157;613;385;228
96245;5;19249;9627;9622
96247;109;883;496;387
96249;3;32083;16043;16040
96251;29;3319;1674;1645
96253;101;953;527;426
96257;7;13751;6879;6872
96267;3;32089;16046;16043
96277;43;2239;1141;1098
96283;11;8753;4382;4371
96287;73;1319;696;623
96295;5;19259;9632;9627
96297;3;32099;16051;16048
96299;7;13757;6882;6875
96307;193;499;346;153
96313;7;13759;6883;6876
96319;61;1579;820;759
96335;5;19267;9636;9631
96341;7;13763;6885;6878
96343;13;7411;3712;3699
96351;3;32117;16060;16057
96357;3;32119;16061;16058
96359;167;577;372;205
96361;173;557;365;192
96365;5;19273;9639;9634
96367;29;3323;1676;1647
96371;11;8761;4386;4375
96373;17;5669;2843;2826
96379;31;3109;1570;1539
96389;113;853;483;370
96391;41;2351;1196;1155
96403;149;647;398;249
96409;229;421;325;96
96413;67;1439;753;686
96421;13;7417;3715;3702
96423;3;32141;16072;16069
96427;211;457;334;123
96429;3;32143;16073;16070
96433;73;1321;697;624
96445;5;19289;9647;9642
96449;43;2243;1143;1100
96463;19;5077;2548;2529
96467;7;13781;6894;6887
96477;3;32159;16081;16078
96491;47;2053;1050;1003
96505;5;19301;9653;9648
96511;103;937;520;417
96519;3;32173;16088;16085
96521;263;367;315;52
96523;7;13789;6898;6891
96529;83;1163;623;540
96533;37;2609;1323;1286
96539;19;5081;2550;2531
96541;29;3329;1679;1650
96545;5;19309;9657;9652
96549;3;32183;16093;16090
96559;223;433;328;105
96563;61;1583;822;761
96567;3;32189;16096;16093
96569;11;8779;4395;4384
96571;269;359;314;45
96573;3;32191;16097;16094
96583;59;1637;848;789
96593;7;13799;6903;6896
96595;5;19319;9662;9657
96599;29;3331;1680;1651
96609;3;32203;16103;16100
96611;17;5683;2850;2833
96613;11;8783;4397;4386
96617;79;1223;651;572
96619;53;1823;938;885
96623;23;4201;2112;2089
96629;13;7433;3723;3710
96631;71;1361;716;645
96637;41;2357;1199;1158
96639;3;32213;16108;16105
96641;241;401;321;80
96647;127;761;444;317
96649;7;13807;6907;6900
96653;19;5087;2553;2534
96659;163;593;378;215
96665;5;19333;9669;9664
96673;277;349;313;36
96683;109;887;498;389
96689;31;3119;1575;1544
96699;3;32233;16118;16115
96709;97;997;547;450
96711;3;32237;16120;16117
96713;17;5689;2853;2836
96721;311;311;311;0
96727;197;491;344;147
96743;89;1087;588;499
96751;31;3121;1576;1545
96753;3;32251;16127;16124
96771;3;32257;16130;16127
96781;17;5693;2855;2838
96783;3;32261;16132;16129
96791;151;641;396;245
96793;43;2251;1147;1104
96803;7;13829;6918;6911
96809;131;739;435;304
96817;7;13831;6919;6912
96829;37;2617;1327;1290
96833;11;8803;4407;4396
96839;179;541;360;181
96841;113;857;485;372
96853;23;4211;2117;2094
96863;13;7451;3732;3719
96865;5;19373;9689;9684
96869;157;617;387;230
96871;73;1327;700;627
96877;11;8807;4409;4398
96881;19;5099;2559;2540
96887;7;13841;6924;6917
96891;3;32297;16150;16147
96895;5;19379;9692;9687
96897;3;32299;16151;16148
96905;5;19381;9693;9688
96909;3;32303;16153;16150
96913;199;487;343;144
96917;17;5701;2859;2842
96919;19;5101;2560;2541
96923;103;941;522;419
96927;3;32309;16156;16153
96935;5;19387;9696;9691
96941;13;7457;3735;3722
96947;29;3343;1686;1657
96949;67;1447;757;690
96955;5;19391;9698;9693
96961;47;2063;1055;1008
96963;3;32321;16162;16159
96967;13;7459;3736;3723
96969;3;32323;16163;16160
96977;37;2621;1329;1292
96981;3;32327;16165;16162
96983;293;331;312;19
96991;23;4217;2120;2097
97009;11;8819;4415;4404
97013;7;13859;6933;6926
97015;5;19403;9704;9699
97023;3;32341;16172;16169
97031;11;8821;4416;4405
97033;19;5107;2563;2544
97037;23;4219;2121;2098
97043;53;1831;942;889
97049;107;907;507;400
97057;71;1367;719;648
97059;3;32353;16178;16175
97063;29;3347;1688;1659
97067;113;859;486;373
97077;3;32359;16181;16178
97079;193;503;348;155
97085;5;19417;9711;9706
97087;17;5711;2864;2847
97089;3;32363;16183;16180
97091;79;1229;654;575
97093;151;643;397;246
97099;89;1091;590;501
97105;5;19421;9713;9708
97107;3;32369;16186;16183
97111;7;13873;6940;6933
97113;3;32371;16187;16184
97115;5;19423;9714;9709
97131;3;32377;16190;16187
97133;137;709;423;286
97135;5;19427;9716;9711
97139;7;13877;6942;6935
97141;11;8831;4421;4410
97143;3;32381;16192;16189
97145;5;19429;9717;9712
97147;19;5113;2566;2547
97153;7;13879;6943;6936
97165;5;19433;9719;9714
97181;7;13883;6945;6938
97183;157;619;388;231
97189;17;5717;2867;2850
97193;83;1171;627;544
97201;13;7477;3745;3732
97203;3;32401;16202;16199
97205;5;19441;9723;9718
97207;11;8837;4424;4413
97211;41;2371;1206;1165
97217;67;1451;759;692
97219;191;509;350;159
97229;11;8839;4425;4414
97233;3;32411;16207;16204
97235;5;19447;9726;9721
97239;3;32413;16208;16205
97243;47;2069;1058;1011
97247;31;3137;1584;1553
97249;79;1231;655;576
97253;13;7481;3747;3734
97261;19;5119;2569;2550
97267;23;4229;2126;2103
97269;3;32423;16213;16210
97271;211;461;336;125
97277;89;1093;591;502
97285;5;19457;9731;9726
97287;3;32429;16216;16213
97289;271;359;315;44
97297;149;653;401;252
97307;7;13901;6954;6947
97313;23;4231;2127;2104
97315;5;19463;9734;9729
97319;307;317;312;5
97321;7;13903;6955;6948
97323;3;32441;16222;16219
97329;3;32443;16223;16220
97331;13;7487;3750;3737
97333;131;743;437;306
97339;11;8849;4430;4419
97343;311;313;312;1
97345;5;19469;9737;9732
97349;7;13907;6957;6950
97351;67;1453;760;693
97355;5;19471;9738;9733
97357;13;7489;3751;3738
97385;5;19477;9741;9736
97391;7;13913;6960;6953
97399;173;563;368;195
97401;3;32467;16235;16232
97403;257;379;318;61
97411;29;3359;1694;1665
97415;5;19483;9744;9739
97417;61;1597;829;768
97421;37;2633;1335;1298
97437;3;32479;16241;16238
97439;139;701;420;281
97445;5;19489;9747;9742
97447;7;13921;6964;6957
97457;41;2377;1209;1168
97469;29;3361;1695;1666
97471;11;8861;4436;4425
97473;3;32491;16247;16244
97477;107;911;509;402
97481;43;2267;1155;1112
97483;71;1373;722;651
97487;13;7499;3756;3743
97491;3;32497;16250;16247
97493;11;8863;4437;4426
97505;5;19501;9753;9748
97507;281;347;314;33
97509;3;32503;16253;16250
97517;7;13931;6969;6962
97519;113;863;488;375
97521;3;32507;16255;16252
97529;17;5737;2877;2860
97531;7;13933;6970;6963
97535;5;19507;9756;9751
97537;11;8867;4439;4428
97541;103;947;525;422
97543;23;4241;2132;2109
97567;43;2269;1156;1113
97589;23;4243;2133;2110
97591;13;7507;3760;3747
97593;3;32531;16267;16264
97597;17;5741;2879;2862
97599;3;32533;16268;16265
97611;3;32537;16270;16267
97621;41;2381;1211;1170
97627;233;419;326;93
97631;17;5743;2880;2863
97633;89;1097;593;504
97637;163;599;381;218
97639;251;389;320;69
97655;5;19531;9768;9763
97661;61;1601;831;770
97663;127;769;448;321
97667;101;967;534;433
97683;3;32561;16282;16279
97689;3;32563;16283;16280
97693;211;463;337;126
97697;151;647;399;248
97703;41;2383;1212;1171
97705;5;19541;9773;9768
97707;3;32569;16286;16283
97709;199;491;345;146
97715;5;19543;9774;9769
97719;3;32573;16288;16285
97721;13;7517;3765;3752
97723;79;1237;658;579
97733;17;5749;2883;2866
97737;3;32579;16291;16288
97739;43;2273;1158;1115
97741;7;13963;6985;6978
97751;239;409;324;85
97753;67;1459;763;696
97757;11;8887;4449;4438
97759;29;3371;1700;1671
97761;3;32587;16295;16292
97763;59;1657;858;799
97765;5;19553;9779;9774
97769;7;13967;6987;6980
97781;277;353;315;38
97793;19;5147;2583;2564
97795;5;19559;9782;9777
97799;13;7523;3768;3755
97807;47;2081;1064;1017
97809;3;32603;16303;16300
97817;29;3373;1701;1672
97819;23;4253;2138;2115
97823;11;8893;4452;4441
97827;3;32609;16306;16303
97833;3;32611;16307;16304
97837;227;431;329;102
97855;5;19571;9788;9783
97863;3;32621;16312;16309
97873;97;1009;553;456
97877;13;7529;3771;3758
97885;5;19577;9791;9786
97891;53;1847;950;897
97897;223;439;331;108
97899;3;32633;16318;16315
97901;47;2083;1065;1018
97907;19;5153;2586;2567
97913;179;547;363;184
97915;5;19583;9794;9789
97921;181;541;361;180
97939;37;2647;1342;1305
97941;3;32647;16325;16322
97949;41;2389;1215;1174
97957;23;4259;2141;2118
97959;3;32653;16328;16325
97963;163;601;382;219
97969;313;313;313;0
97979;7;13997;7002;6995
97981;13;7537;3775;3762
97985;5;19597;9801;9796
97993;7;13999;7003;6996
98003;23;4261;2142;2119
98015;5;19603;9804;9799
98023;83;1181;632;549
98027;61;1607;834;773
98029;167;587;377;210
98033;13;7541;3777;3764
98045;5;19609;9807;9802
98051;71;1381;726;655
98053;31;3163;1597;1566
98061;3;32687;16345;16342
98063;7;14009;7008;7001
98069;281;349;315;34
98071;101;971;536;435
98077;7;14011;7009;7002
98079;3;32693;16348;16345
98083;43;2281;1162;1119
98089;47;2087;1067;1020
98093;233;421;327;94
98099;263;373;318;55
98111;13;7547;3780;3767
98113;41;2393;1217;1176
98117;59;1663;861;802
98121;3;32707;16355;16352
98137;13;7549;3781;3768
98139;3;32713;16358;16355
98149;61;1609;835;774
98151;3;32717;16360;16357
98153;11;8923;4467;4456
98157;3;32719;16361;16358
98159;103;953;528;425
98167;89;1103;596;507
98171;127;773;450;323
98173;19;5167;2593;2574
98177;31;3167;1599;1568
98183;47;2089;1068;1021
98191;149;659;404;255
98201;283;347;315;32
98203;7;14029;7018;7011
98219;11;8929;4470;4459
98231;7;14033;7020;7013
98233;23;4271;2147;2124
98237;193;509;351;158
98239;31;3169;1600;1569
98243;17;5779;2898;2881
98247;3;32749;16376;16373
98249;19;5171;2595;2576
98261;97;1013;555;458
98263;11;8933;4472;4461
98267;13;7559;3786;3773
98279;23;4273;2148;2125
98281;29;3389;1709;1680
98291;227;433;330;103
98293;13;7561;3787;3774
98303;197;499;348;151
98305;5;19661;9833;9828
98309;37;2657;1347;1310
98311;17;5783;2900;2883
98313;3;32771;16387;16384
98333;107;919;513;406
98337;3;32779;16391;16388
98339;29;3391;1710;1681
98341;43;2287;1165;1122
98349;3;32783;16393;16390
98351;11;8941;4476;4465
98353;59;1667;863;804
98357;7;14051;7029;7022
98359;41;2399;1220;1179
98367;3;32789;16396;16393
98381;131;751;441;310
98383;37;2659;1348;1311
98391;3;32797;16400;16397
98393;61;1613;837;776
98399;7;14057;7032;7025
98401;19;5179;2599;2580
98403;3;32801;16402;16399
98405;5;19681;9843;9838
98409;3;32803;16403;16400
98431;257;383;320;63
98435;5;19687;9846;9841
98437;173;569;371;198
98447;17;5791;2904;2887
98449;13;7573;3793;3780
98461;11;8951;4481;4470
98471;59;1669;864;805
98485;5;19697;9851;9846
98489;149;661;405;256
98493;3;32831;16417;16414
98495;5;19699;9852;9847
98497;7;14071;7039;7032
98499;3;32833;16418;16415
98501;13;7577;3795;3782
98503;137;719;428;291
98509;23;4283;2153;2130
98517;3;32839;16421;16418
98521;83;1187;635;552
98529;3;32843;16423;16420
98531;37;2663;1350;1313
98537;211;467;339;128
98545;5;19709;9857;9852
98551;139;709;424;285
98557;67;1471;769;702
98567;7;14081;7044;7037
98569;241;409;325;84
98579;13;7583;3798;3785
98581;7;14083;7045;7038
98585;5;19717;9861;9856
98587;311;317;314;3
98591;19;5189;2604;2585
98593;11;8963;4487;4476
98599;43;2293;1168;1125
98603;151;653;402;251
98607;3;32869;16436;16433
98609;7;14087;7047;7040
98611;31;3181;1606;1575
98617;17;5801;2909;2892
98633;53;1861;957;904
98635;5;19727;9866;9861
98647;23;4289;2156;2133
98653;47;2099;1073;1026
98657;13;7589;3801;3788
98659;11;8969;4490;4479
98661;3;32887;16445;16442
98671;79;1249;664;585
98677;101;977;539;438
98681;11;8971;4491;4480
98683;13;7591;3802;3789
98695;5;19739;9872;9867
98699;229;431;330;101
98701;89;1109;599;510
98719;17;5807;2912;2895
98723;269;367;318;49
98727;3;32909;16456;16453
98733;3;32911;16457;16454
98741;293;337;315;22
98743;19;5197;2608;2589
98749;7;14107;7057;7050
98751;3;32917;16460;16457
98755;5;19751;9878;9873
98759;61;1619;840;779
98765;5;19753;9879;9874
98767;283;349;316;33
98771;43;2297;1170;1127
98783;173;571;372;199
98789;223;443;333;110
98795;5;19759;9882;9877
98797;31;3187;1609;1578
98799;3;32933;16468;16465
98803;29;3407;1718;1689
98815;5;19763;9884;9879
98817;3;32939;16471;16468
98821;17;5813;2915;2898
98823;3;32941;16472;16469
98827;37;2671;1354;1317
98831;23;4297;2160;2137
98839;13;7603;3808;3795
98843;97;1019;558;461
98851;41;2411;1226;1185
98863;109;907;508;399
98871;3;32957;16480;16477
98881;61;1621;841;780
98885;5;19777;9891;9886
98891;13;7607;3810;3797
98907;3;32969;16486;16483
98913;3;32971;16487;16484
98921;31;3191;1611;1580
98941;163;607;385;222
98949;3;32983;16493;16490
98951;53;1867;960;907
98957;17;5821;2919;2902
98961;3;32987;16495;16492
98965;5;19793;9899;9894
98971;19;5209;2614;2595
98977;29;3413;1721;1692
98979;3;32993;16498;16495
98989;11;8999;4505;4494
98997;3;32999;16501;16498
99001;7;14143;7075;7068
99005;5;19801;9903;9898
99007;181;547;364;183
99011;11;9001;4506;4495
99019;83;1193;638;555
99031;167;593;380;213
99037;97;1021;559;462
99039;3;33013;16508;16505
99043;7;14149;7078;7071
99049;37;2677;1357;1320
99059;17;5827;2922;2905
99065;5;19813;9909;9904
99067;157;631;394;237
99069;3;33023;16513;16510
99071;7;14153;7080;7073
99073;13;7621;3817;3804
99077;11;9007;4509;4498
99087;3;33029;16516;16513
99091;197;503;350;153
99095;5;19819;9912;9907
99097;41;2417;1229;1188
99101;113;877;495;382
99111;3;33037;16520;16517
99113;7;14159;7083;7076
99121;11;9011;4511;4500
99143;11;9013;4512;4501
99147;3;33049;16526;16523
99157;229;433;331;102
99159;3;33053;16528;16525
99163;53;1871;962;909
99167;131;757;444;313
99193;281;353;317;36
99205;5;19841;9923;9918
99211;7;14173;7090;7083
99213;3;33071;16537;16534
99215;5;19843;9924;9919
99217;47;2111;1079;1032
99219;3;33073;16538;16535
99221;313;317;315;2
99227;67;1481;774;707
99239;7;14177;7092;7085
99247;61;1627;844;783
99249;3;33083;16543;16540
99263;17;5839;2928;2911
99265;5;19853;9929;9924
99269;53;1873;963;910
99271;37;2683;1360;1323
99273;3;33091;16547;16544
99283;101;983;542;441
99287;43;2309;1176;1133
99293;31;3203;1617;1586
99299;109;911;510;401
99301;199;499;349;150
99305;5;19861;9933;9928
99307;13;7639;3826;3813
99311;47;2113;1080;1033
99313;19;5227;2623;2604
99319;11;9029;4520;4509
99321;3;33107;16555;16552
99329;71;1399;735;664
99331;17;5843;2930;2913
99335;5;19867;9936;9931
99339;3;33113;16558;16555
99343;41;2423;1232;1191
99353;73;1361;717;644
99357;3;33119;16561;16558
99359;13;7643;3828;3815
99361;67;1483;775;708
99373;43;2311;1177;1134
99379;7;14197;7102;7095
99389;19;5231;2625;2606
99403;107;929;518;411
99413;89;1117;603;514
99419;37;2687;1362;1325
99427;19;5233;2626;2607
99433;17;5849;2933;2916
99437;13;7649;3831;3818
99443;277;359;318;41
99445;5;19889;9947;9942
99447;3;33149;16576;16573
99449;7;14207;7107;7100
99451;11;9041;4526;4515
99453;3;33151;16577;16574
99455;5;19891;9948;9943
99457;271;367;319;48
99461;79;1259;669;590
99467;17;5851;2934;2917
99473;11;9043;4527;4516
99479;31;3209;1620;1589
99481;53;1877;965;912
99483;3;33161;16582;16579
99493;37;2689;1363;1326
99503;19;5237;2628;2609
99509;151;659;405;254
99511;191;521;356;165
99521;23;4327;2175;2152
99537;3;33179;16591;16588
99539;11;9049;4530;4519
99543;3;33181;16592;16589
99547;7;14221;7114;7107
99553;113;881;497;384
99557;29;3433;1731;1702
99565;5;19913;9959;9954
99569;17;5857;2937;2920
99573;3;33191;16597;16594
99587;53;1879;966;913
99595;5;19919;9962;9957
99597;3;33199;16601;16598
99599;137;727;432;295
99601;103;967;535;432
99609;3;33203;16603;16600
99629;67;1487;777;710
99633;3;33211;16607;16604
99635;5;19927;9966;9961
99637;17;5861;2939;2922
99641;37;2693;1365;1328
99647;251;397;324;73
99649;11;9059;4535;4524
99653;227;439;333;106
99669;3;33223;16613;16610
99677;263;379;321;58
99683;83;1201;642;559
99685;5;19937;9971;9966
99691;131;761;446;315
99697;13;7669;3841;3828
99701;7;14243;7125;7118
99703;179;557;368;189
99727;31;3217;1624;1593
99737;11;9067;4539;4528
99739;17;5867;2942;2925
99741;3;33247;16625;16622
99743;7;14249;7128;7121
99745;5;19949;9977;9972
99749;13;7673;3843;3830
99751;23;4337;2180;2157
99757;7;14251;7129;7122
99763;67;1489;778;711
99773;17;5869;2943;2926
99779;113;883;498;385
99791;73;1367;720;647
99797;23;4339;2181;2158
99805;5;19961;9983;9978
99811;151;661;406;255
99815;5;19963;9984;9979
99821;173;577;375;202
99851;31;3221;1626;1595
99853;13;7681;3847;3834
99857;61;1637;849;788
99861;3;33287;16645;16642
99863;37;2699;1368;1331
99865;5;19973;9989;9984
99867;3;33289;16646;16643
99887;59;1693;876;817
99893;191;523;357;166
99895;5;19979;9992;9987
99899;283;353;318;35
99903;3;33301;16652;16649
99917;41;2437;1239;1198
99919;163;613;388;225
99931;13;7687;3850;3837
99933;3;33311;16657;16654
99941;139;719;429;290
99943;17;5879;2948;2931
99947;89;1123;606;517
99949;127;787;457;330
99951;3;33317;16660;16657
99955;5;19991;9998;9993
99959;19;5261;2640;2621
99965;5;19993;9999;9994
99967;7;14281;7144;7137
99973;257;389;323;66
99977;17;5881;2949;2932
99983;13;7691;3852;3839
99985;5;19997;10001;9996
99987;3;33329;16666;16663
99993;3;33331;16667;16664
